x y z charge scale scaleCoul Type
 0 0 -0.259526  0.547197  3.74015 0.688558 1 1 4
 0 1 5.03161  9.1463  4.79126 0.688576 1 1 4
 0 2 7.10247  5.39395  0.525558 0.688578 1 1 4
 0 3 -2.33038  4.29955  8.00585 0.688597 1 1 4
 0 4 -1.23824  8.59966  3.1485 -0.189726 1 1 3
 0 5 6.01033  1.09384  5.38291 -0.189706 1 1 3
 0 6 8.08119  3.75291  1.1172 -0.189705 1 1 3
 0 7 -3.3091  5.94059  7.41421 -0.189705 1 1 3
 0 8 6.4037  8.2411  3.50637 -0.19279 1 1 3
 0 9 -1.63161  1.4524  5.02503 -0.192839 1 1 3
 0 10 0.439246  3.39435  0.759327 -0.192842 1 1 3
 0 11 4.33285  6.29915  7.77208 -0.19284 1 1 3
 0 12 7.09007  6.86041  1.9156 -0.317825 1 1 3
 0 13 -2.31798  2.8331  6.61581 -0.317856 1 1 3
 0 14 -0.247125  2.01366  2.35011 -0.317783 1 1 3
 0 15 5.01922  7.67985  6.1813 -0.317845 1 1 3
 0 16 1.10224  0.74978  5.2239 -0.498914 1 1 2
 0 17 3.66985  8.94372  3.30751 -0.498913 1 1 2
 0 18 1.599  5.59653  7.57321 -0.498917 1 1 2
 0 19 3.17309  4.09698  0.958189 -0.498914 1 1 2
 0 20 3.23796  0.308322  5.77558 -0.504972 1 1 2
 0 21 1.53414  9.38517  2.75582 -0.504996 1 1 2
 0 22 -0.536714  5.15507  7.02153 -0.504964 1 1 2
 0 23 5.30881  4.53843  1.50988 -0.504947 1 1 2
 0 24 -0.853851  7.75886  2.19031 0.1511 1 1 1
 0 25 5.62594  1.93464  6.3411 0.151084 1 1 1
 0 26 7.6968  2.91211  2.0754 0.151075 1 1 1
 0 27 -2.9247  6.78139  6.45601 0.15109 1 1 1
 0 28 6.08238  7.19484  2.7546 0.163631 1 1 1
 0 29 -1.31029  2.49866  5.7768 0.163688 1 1 1
 0 30 0.760563  2.34809  1.5111 0.163655 1 1 1
 0 31 4.01153  7.34541  7.02031 0.163692 1 1 1
 0 32 2.26699  0.304047  4.9744 0.467519 1 1 1
 0 33 2.50511  9.38945  3.55701 0.467537 1 1 1
 0 34 0.434258  5.1508  7.82271 0.467506 1 1 1
 0 35 4.33785  4.5427  0.708696 0.46749 1 1 1
 0 36 0.11896  7.81478  1.71596 0.115606 1 1 0
 0 37 4.65313  1.87872  6.81545 0.115616 1 1 0
 0 38 6.72398  2.96803  2.54974 0.115601 1 1 0
 0 39 -1.9519  6.72547  5.98167 0.11561 1 1 0
 0 40 5.12768  6.68665  2.80885 0.117813 1 1 0
 0 41 -0.355596  3.00685  5.72256 0.117793 1 1 0
 0 42 1.71526  1.8399  1.45686 0.117796 1 1 0
 0 43 3.05683  7.8536  7.07455 0.117789 1 1 0
 0 44 -4.40123  0.547197  12.2716 0.688558 1 1 4
 0 45 0.889903  9.1463  13.3227 0.688576 1 1 4
 0 46 2.96076  5.39395  9.05697 0.688578 1 1 4
 0 47 -6.47209  4.29955  16.5373 0.688597 1 1 4
 0 48 -5.37995  8.59966  11.6799 -0.189726 1 1 3
 0 49 1.86863  1.09384  13.9143 -0.189706 1 1 3
 0 50 3.93948  3.75291  9.64861 -0.189705 1 1 3
 0 51 -7.4508  5.94059  15.9456 -0.189705 1 1 3
 0 52 2.26199  8.2411  12.0378 -0.19279 1 1 3
 0 53 -5.77332  1.4524  13.5564 -0.192839 1 1 3
 0 54 -3.70246  3.39435  9.29073 -0.192842 1 1 3
 0 55 0.19114  6.29915  16.3035 -0.19284 1 1 3
 0 56 2.94836  6.86041  10.447 -0.317825 1 1 3
 0 57 -6.45969  2.8331  15.1472 -0.317856 1 1 3
 0 58 -4.38883  2.01366  10.8815 -0.317783 1 1 3
 0 59 0.877508  7.67985  14.7127 -0.317845 1 1 3
 0 60 -3.03947  0.74978  13.7553 -0.498914 1 1 2
 0 61 -0.471855  8.94372  11.8389 -0.498913 1 1 2
 0 62 -2.54271  5.59653  16.1046 -0.498917 1 1 2
 0 63 -0.968614  4.09698  9.4896 -0.498914 1 1 2
 0 64 -0.903748  0.308322  14.307 -0.504972 1 1 2
 0 65 -2.60757  9.38517  11.2872 -0.504996 1 1 2
 0 66 -4.67842  5.15507  15.5529 -0.504964 1 1 2
 0 67 1.1671  4.53843  10.0413 -0.504947 1 1 2
 0 68 -4.99556  7.75886  10.7217 0.1511 1 1 1
 0 69 1.48423  1.93464  14.8725 0.151084 1 1 1
 0 70 3.55509  2.91211  10.6068 0.151075 1 1 1
 0 71 -7.06641  6.78139  14.9874 0.15109 1 1 1
 0 72 1.94067  7.19484  11.286 0.163631 1 1 1
 0 73 -5.452  2.49866  14.3082 0.163688 1 1 1
 0 74 -3.38115  2.34809  10.0425 0.163655 1 1 1
 0 75 -0.130179  7.34541  15.5517 0.163692 1 1 1
 0 76 -1.87472  0.304047  13.5058 0.467519 1 1 1
 0 77 -1.6366  9.38945  12.0884 0.467537 1 1 1
 0 78 -3.70745  5.1508  16.3541 0.467506 1 1 1
 0 79 0.196137  4.5427  9.2401 0.46749 1 1 1
 0 80 -4.02275  7.81478  10.2474 0.115606 1 1 0
 0 81 0.511422  1.87872  15.3469 0.115616 1 1 0
 0 82 2.58228  2.96803  11.0812 0.115601 1 1 0
 0 83 -6.0936  6.72547  14.5131 0.11561 1 1 0
 0 84 0.985976  6.68665  11.3403 0.117813 1 1 0
 0 85 -4.4973  3.00685  14.254 0.117793 1 1 0
 0 86 -2.42645  1.8399  9.98826 0.117796 1 1 0
 0 87 -1.08488  7.8536  15.606 0.117789 1 1 0
 0 88 -8.54294  0.547197  20.803 0.688558 1 1 4
 0 89 -3.25181  9.1463  21.8541 0.688576 1 1 4
 0 90 -1.18095  5.39395  17.5884 0.688578 1 1 4
 0 91 -10.6138  4.29955  25.0687 0.688597 1 1 4
 0 92 -9.52166  8.59966  20.2113 -0.189726 1 1 3
 0 93 -2.27308  1.09384  22.4457 -0.189706 1 1 3
 0 94 -0.202228  3.75291  18.18 -0.189705 1 1 3
 0 95 -11.5925  5.94059  24.477 -0.189705 1 1 3
 0 96 -1.87972  8.2411  20.5692 -0.19279 1 1 3
 0 97 -9.91503  1.4524  22.0878 -0.192839 1 1 3
 0 98 -7.84417  3.39435  17.8221 -0.192842 1 1 3
 0 99 -3.95057  6.29915  24.8349 -0.19284 1 1 3
 0 100 -1.19335  6.86041  18.9784 -0.317825 1 1 3
 0 101 -10.6014  2.8331  23.6786 -0.317856 1 1 3
 0 102 -8.53054  2.01366  19.4129 -0.317783 1 1 3
 0 103 -3.2642  7.67985  23.2441 -0.317845 1 1 3
 0 104 -7.18118  0.74978  22.2867 -0.498914 1 1 2
 0 105 -4.61356  8.94372  20.3703 -0.498913 1 1 2
 0 106 -6.68442  5.59653  24.636 -0.498917 1 1 2
 0 107 -5.11032  4.09698  18.021 -0.498914 1 1 2
 0 108 -5.04546  0.308322  22.8384 -0.504972 1 1 2
 0 109 -6.74928  9.38517  19.8186 -0.504996 1 1 2
 0 110 -8.82013  5.15507  24.0843 -0.504964 1 1 2
 0 111 -2.97461  4.53843  18.5727 -0.504947 1 1 2
 0 112 -9.13727  7.75886  19.2531 0.1511 1 1 1
 0 113 -2.65748  1.93464  23.4039 0.151084 1 1 1
 0 114 -0.586621  2.91211  19.1382 0.151075 1 1 1
 0 115 -11.2081  6.78139  23.5188 0.15109 1 1 1
 0 116 -2.20103  7.19484  19.8174 0.163631 1 1 1
 0 117 -9.59371  2.49866  22.8396 0.163688 1 1 1
 0 118 -7.52285  2.34809  18.5739 0.163655 1 1 1
 0 119 -4.27189  7.34541  24.0831 0.163692 1 1 1
 0 120 -6.01643  0.304047  22.0372 0.467519 1 1 1
 0 121 -5.77831  9.38945  20.6198 0.467537 1 1 1
 0 122 -7.84916  5.1508  24.8855 0.467506 1 1 1
 0 123 -3.94557  4.5427  17.7715 0.46749 1 1 1
 0 124 -8.16446  7.81478  18.7788 0.115606 1 1 0
 0 125 -3.63029  1.87872  23.8783 0.115616 1 1 0
 0 126 -1.55943  2.96803  19.6126 0.115601 1 1 0
 0 127 -10.2353  6.72547  23.0445 0.11561 1 1 0
 0 128 -3.15573  6.68665  19.8717 0.117813 1 1 0
 0 129 -8.63901  3.00685  22.7854 0.117793 1 1 0
 0 130 -6.56816  1.8399  18.5197 0.117796 1 1 0
 0 131 -5.22659  7.8536  24.1374 0.117789 1 1 0
 0 132 -0.259526  10.2407  3.74015 0.688558 1 1 4
 0 133 5.03161  18.8398  4.79126 0.688576 1 1 4
 0 134 7.10247  15.0874  0.525558 0.688578 1 1 4
 0 135 -2.33038  13.993  8.00585 0.688597 1 1 4
 0 136 -1.23824  18.2932  3.1485 -0.189726 1 1 3
 0 137 6.01033  10.7873  5.38291 -0.189706 1 1 3
 0 138 8.08119  13.4464  1.1172 -0.189705 1 1 3
 0 139 -3.3091  15.6341  7.41421 -0.189705 1 1 3
 0 140 6.4037  17.9346  3.50637 -0.19279 1 1 3
 0 141 -1.63161  11.1459  5.02503 -0.192839 1 1 3
 0 142 0.439246  13.0879  0.759327 -0.192842 1 1 3
 0 143 4.33285  15.9926  7.77208 -0.19284 1 1 3
 0 144 7.09007  16.5539  1.9156 -0.317825 1 1 3
 0 145 -2.31798  12.5266  6.61581 -0.317856 1 1 3
 0 146 -0.247125  11.7072  2.35011 -0.317783 1 1 3
 0 147 5.01922  17.3733  6.1813 -0.317845 1 1 3
 0 148 1.10224  10.4433  5.2239 -0.498914 1 1 2
 0 149 3.66985  18.6372  3.30751 -0.498913 1 1 2
 0 150 1.599  15.29  7.57321 -0.498917 1 1 2
 0 151 3.17309  13.7905  0.958189 -0.498914 1 1 2
 0 152 3.23796  10.0018  5.77558 -0.504972 1 1 2
 0 153 1.53414  19.0787  2.75582 -0.504996 1 1 2
 0 154 -0.536714  14.8486  7.02153 -0.504964 1 1 2
 0 155 5.30881  14.2319  1.50988 -0.504947 1 1 2
 0 156 -0.853851  17.4524  2.19031 0.1511 1 1 1
 0 157 5.62594  11.6281  6.3411 0.151084 1 1 1
 0 158 7.6968  12.6056  2.0754 0.151075 1 1 1
 0 159 -2.9247  16.4749  6.45601 0.15109 1 1 1
 0 160 6.08238  16.8883  2.7546 0.163631 1 1 1
 0 161 -1.31029  12.1922  5.7768 0.163688 1 1 1
 0 162 0.760563  12.0416  1.5111 0.163655 1 1 1
 0 163 4.01153  17.0389  7.02031 0.163692 1 1 1
 0 164 2.26699  9.99755  4.9744 0.467519 1 1 1
 0 165 2.50511  19.083  3.55701 0.467537 1 1 1
 0 166 0.434258  14.8443  7.82271 0.467506 1 1 1
 0 167 4.33785  14.2362  0.708696 0.46749 1 1 1
 0 168 0.11896  17.5083  1.71596 0.115606 1 1 0
 0 169 4.65313  11.5722  6.81545 0.115616 1 1 0
 0 170 6.72398  12.6615  2.54974 0.115601 1 1 0
 0 171 -1.9519  16.419  5.98167 0.11561 1 1 0
 0 172 5.12768  16.3801  2.80885 0.117813 1 1 0
 0 173 -0.355596  12.7003  5.72256 0.117793 1 1 0
 0 174 1.71526  11.5334  1.45686 0.117796 1 1 0
 0 175 3.05683  17.5471  7.07455 0.117789 1 1 0
 0 176 -4.40123  10.2407  12.2716 0.688558 1 1 4
 0 177 0.889903  18.8398  13.3227 0.688576 1 1 4
 0 178 2.96076  15.0874  9.05697 0.688578 1 1 4
 0 179 -6.47209  13.993  16.5373 0.688597 1 1 4
 0 180 -5.37995  18.2932  11.6799 -0.189726 1 1 3
 0 181 1.86863  10.7873  13.9143 -0.189706 1 1 3
 0 182 3.93948  13.4464  9.64861 -0.189705 1 1 3
 0 183 -7.4508  15.6341  15.9456 -0.189705 1 1 3
 0 184 2.26199  17.9346  12.0378 -0.19279 1 1 3
 0 185 -5.77332  11.1459  13.5564 -0.192839 1 1 3
 0 186 -3.70246  13.0879  9.29073 -0.192842 1 1 3
 0 187 0.19114  15.9926  16.3035 -0.19284 1 1 3
 0 188 2.94836  16.5539  10.447 -0.317825 1 1 3
 0 189 -6.45969  12.5266  15.1472 -0.317856 1 1 3
 0 190 -4.38883  11.7072  10.8815 -0.317783 1 1 3
 0 191 0.877508  17.3733  14.7127 -0.317845 1 1 3
 0 192 -3.03947  10.4433  13.7553 -0.498914 1 1 2
 0 193 -0.471855  18.6372  11.8389 -0.498913 1 1 2
 0 194 -2.54271  15.29  16.1046 -0.498917 1 1 2
 0 195 -0.968614  13.7905  9.4896 -0.498914 1 1 2
 0 196 -0.903748  10.0018  14.307 -0.504972 1 1 2
 0 197 -2.60757  19.0787  11.2872 -0.504996 1 1 2
 0 198 -4.67842  14.8486  15.5529 -0.504964 1 1 2
 0 199 1.1671  14.2319  10.0413 -0.504947 1 1 2
 0 200 -4.99556  17.4524  10.7217 0.1511 1 1 1
 0 201 1.48423  11.6281  14.8725 0.151084 1 1 1
 0 202 3.55509  12.6056  10.6068 0.151075 1 1 1
 0 203 -7.06641  16.4749  14.9874 0.15109 1 1 1
 0 204 1.94067  16.8883  11.286 0.163631 1 1 1
 0 205 -5.452  12.1922  14.3082 0.163688 1 1 1
 0 206 -3.38115  12.0416  10.0425 0.163655 1 1 1
 0 207 -0.130179  17.0389  15.5517 0.163692 1 1 1
 0 208 -1.87472  9.99755  13.5058 0.467519 1 1 1
 0 209 -1.6366  19.083  12.0884 0.467537 1 1 1
 0 210 -3.70745  14.8443  16.3541 0.467506 1 1 1
 0 211 0.196137  14.2362  9.2401 0.46749 1 1 1
 0 212 -4.02275  17.5083  10.2474 0.115606 1 1 0
 0 213 0.511422  11.5722  15.3469 0.115616 1 1 0
 0 214 2.58228  12.6615  11.0812 0.115601 1 1 0
 0 215 -6.0936  16.419  14.5131 0.11561 1 1 0
 0 216 0.985976  16.3801  11.3403 0.117813 1 1 0
 0 217 -4.4973  12.7003  14.254 0.117793 1 1 0
 0 218 -2.42645  11.5334  9.98826 0.117796 1 1 0
 0 219 -1.08488  17.5471  15.606 0.117789 1 1 0
 0 220 -8.54294  10.2407  20.803 0.688558 1 1 4
 0 221 -3.25181  18.8398  21.8541 0.688576 1 1 4
 0 222 -1.18095  15.0874  17.5884 0.688578 1 1 4
 0 223 -10.6138  13.993  25.0687 0.688597 1 1 4
 0 224 -9.52166  18.2932  20.2113 -0.189726 1 1 3
 0 225 -2.27308  10.7873  22.4457 -0.189706 1 1 3
 0 226 -0.202228  13.4464  18.18 -0.189705 1 1 3
 0 227 -11.5925  15.6341  24.477 -0.189705 1 1 3
 0 228 -1.87972  17.9346  20.5692 -0.19279 1 1 3
 0 229 -9.91503  11.1459  22.0878 -0.192839 1 1 3
 0 230 -7.84417  13.0879  17.8221 -0.192842 1 1 3
 0 231 -3.95057  15.9926  24.8349 -0.19284 1 1 3
 0 232 -1.19335  16.5539  18.9784 -0.317825 1 1 3
 0 233 -10.6014  12.5266  23.6786 -0.317856 1 1 3
 0 234 -8.53054  11.7072  19.4129 -0.317783 1 1 3
 0 235 -3.2642  17.3733  23.2441 -0.317845 1 1 3
 0 236 -7.18118  10.4433  22.2867 -0.498914 1 1 2
 0 237 -4.61356  18.6372  20.3703 -0.498913 1 1 2
 0 238 -6.68442  15.29  24.636 -0.498917 1 1 2
 0 239 -5.11032  13.7905  18.021 -0.498914 1 1 2
 0 240 -5.04546  10.0018  22.8384 -0.504972 1 1 2
 0 241 -6.74928  19.0787  19.8186 -0.504996 1 1 2
 0 242 -8.82013  14.8486  24.0843 -0.504964 1 1 2
 0 243 -2.97461  14.2319  18.5727 -0.504947 1 1 2
 0 244 -9.13727  17.4524  19.2531 0.1511 1 1 1
 0 245 -2.65748  11.6281  23.4039 0.151084 1 1 1
 0 246 -0.586621  12.6056  19.1382 0.151075 1 1 1
 0 247 -11.2081  16.4749  23.5188 0.15109 1 1 1
 0 248 -2.20103  16.8883  19.8174 0.163631 1 1 1
 0 249 -9.59371  12.1922  22.8396 0.163688 1 1 1
 0 250 -7.52285  12.0416  18.5739 0.163655 1 1 1
 0 251 -4.27189  17.0389  24.0831 0.163692 1 1 1
 0 252 -6.01643  9.99755  22.0372 0.467519 1 1 1
 0 253 -5.77831  19.083  20.6198 0.467537 1 1 1
 0 254 -7.84916  14.8443  24.8855 0.467506 1 1 1
 0 255 -3.94557  14.2362  17.7715 0.46749 1 1 1
 0 256 -8.16446  17.5083  18.7788 0.115606 1 1 0
 0 257 -3.63029  11.5722  23.8783 0.115616 1 1 0
 0 258 -1.55943  12.6615  19.6126 0.115601 1 1 0
 0 259 -10.2353  16.419  23.0445 0.11561 1 1 0
 0 260 -3.15573  16.3801  19.8717 0.117813 1 1 0
 0 261 -8.63901  12.7003  22.7854 0.117793 1 1 0
 0 262 -6.56816  11.5334  18.5197 0.117796 1 1 0
 0 263 -5.22659  17.5471  24.1374 0.117789 1 1 0
 0 264 -0.259526  19.9342  3.74015 0.688558 1 1 4
 0 265 5.03161  28.5333  4.79126 0.688576 1 1 4
 0 266 7.10247  24.7809  0.525558 0.688578 1 1 4
 0 267 -2.33038  23.6865  8.00585 0.688597 1 1 4
 0 268 -1.23824  27.9867  3.1485 -0.189726 1 1 3
 0 269 6.01033  20.4808  5.38291 -0.189706 1 1 3
 0 270 8.08119  23.1399  1.1172 -0.189705 1 1 3
 0 271 -3.3091  25.3276  7.41421 -0.189705 1 1 3
 0 272 6.4037  27.6281  3.50637 -0.19279 1 1 3
 0 273 -1.63161  20.8394  5.02503 -0.192839 1 1 3
 0 274 0.439246  22.7814  0.759327 -0.192842 1 1 3
 0 275 4.33285  25.6861  7.77208 -0.19284 1 1 3
 0 276 7.09007  26.2474  1.9156 -0.317825 1 1 3
 0 277 -2.31798  22.2201  6.61581 -0.317856 1 1 3
 0 278 -0.247125  21.4007  2.35011 -0.317783 1 1 3
 0 279 5.01922  27.0668  6.1813 -0.317845 1 1 3
 0 280 1.10224  20.1368  5.2239 -0.498914 1 1 2
 0 281 3.66985  28.3307  3.30751 -0.498913 1 1 2
 0 282 1.599  24.9835  7.57321 -0.498917 1 1 2
 0 283 3.17309  23.484  0.958189 -0.498914 1 1 2
 0 284 3.23796  19.6953  5.77558 -0.504972 1 1 2
 0 285 1.53414  28.7722  2.75582 -0.504996 1 1 2
 0 286 -0.536714  24.5421  7.02153 -0.504964 1 1 2
 0 287 5.30881  23.9254  1.50988 -0.504947 1 1 2
 0 288 -0.853851  27.1459  2.19031 0.1511 1 1 1
 0 289 5.62594  21.3216  6.3411 0.151084 1 1 1
 0 290 7.6968  22.2991  2.0754 0.151075 1 1 1
 0 291 -2.9247  26.1684  6.45601 0.15109 1 1 1
 0 292 6.08238  26.5818  2.7546 0.163631 1 1 1
 0 293 -1.31029  21.8857  5.7768 0.163688 1 1 1
 0 294 0.760563  21.7351  1.5111 0.163655 1 1 1
 0 295 4.01153  26.7324  7.02031 0.163692 1 1 1
 0 296 2.26699  19.691  4.9744 0.467519 1 1 1
 0 297 2.50511  28.7764  3.55701 0.467537 1 1 1
 0 298 0.434258  24.5378  7.82271 0.467506 1 1 1
 0 299 4.33785  23.9297  0.708696 0.46749 1 1 1
 0 300 0.11896  27.2018  1.71596 0.115606 1 1 0
 0 301 4.65313  21.2657  6.81545 0.115616 1 1 0
 0 302 6.72398  22.355  2.54974 0.115601 1 1 0
 0 303 -1.9519  26.1125  5.98167 0.11561 1 1 0
 0 304 5.12768  26.0736  2.80885 0.117813 1 1 0
 0 305 -0.355596  22.3938  5.72256 0.117793 1 1 0
 0 306 1.71526  21.2269  1.45686 0.117796 1 1 0
 0 307 3.05683  27.2406  7.07455 0.117789 1 1 0
 0 308 -4.40123  19.9342  12.2716 0.688558 1 1 4
 0 309 0.889903  28.5333  13.3227 0.688576 1 1 4
 0 310 2.96076  24.7809  9.05697 0.688578 1 1 4
 0 311 -6.47209  23.6865  16.5373 0.688597 1 1 4
 0 312 -5.37995  27.9867  11.6799 -0.189726 1 1 3
 0 313 1.86863  20.4808  13.9143 -0.189706 1 1 3
 0 314 3.93948  23.1399  9.64861 -0.189705 1 1 3
 0 315 -7.4508  25.3276  15.9456 -0.189705 1 1 3
 0 316 2.26199  27.6281  12.0378 -0.19279 1 1 3
 0 317 -5.77332  20.8394  13.5564 -0.192839 1 1 3
 0 318 -3.70246  22.7814  9.29073 -0.192842 1 1 3
 0 319 0.19114  25.6861  16.3035 -0.19284 1 1 3
 0 320 2.94836  26.2474  10.447 -0.317825 1 1 3
 0 321 -6.45969  22.2201  15.1472 -0.317856 1 1 3
 0 322 -4.38883  21.4007  10.8815 -0.317783 1 1 3
 0 323 0.877508  27.0668  14.7127 -0.317845 1 1 3
 0 324 -3.03947  20.1368  13.7553 -0.498914 1 1 2
 0 325 -0.471855  28.3307  11.8389 -0.498913 1 1 2
 0 326 -2.54271  24.9835  16.1046 -0.498917 1 1 2
 0 327 -0.968614  23.484  9.4896 -0.498914 1 1 2
 0 328 -0.903748  19.6953  14.307 -0.504972 1 1 2
 0 329 -2.60757  28.7722  11.2872 -0.504996 1 1 2
 0 330 -4.67842  24.5421  15.5529 -0.504964 1 1 2
 0 331 1.1671  23.9254  10.0413 -0.504947 1 1 2
 0 332 -4.99556  27.1459  10.7217 0.1511 1 1 1
 0 333 1.48423  21.3216  14.8725 0.151084 1 1 1
 0 334 3.55509  22.2991  10.6068 0.151075 1 1 1
 0 335 -7.06641  26.1684  14.9874 0.15109 1 1 1
 0 336 1.94067  26.5818  11.286 0.163631 1 1 1
 0 337 -5.452  21.8857  14.3082 0.163688 1 1 1
 0 338 -3.38115  21.7351  10.0425 0.163655 1 1 1
 0 339 -0.130179  26.7324  15.5517 0.163692 1 1 1
 0 340 -1.87472  19.691  13.5058 0.467519 1 1 1
 0 341 -1.6366  28.7764  12.0884 0.467537 1 1 1
 0 342 -3.70745  24.5378  16.3541 0.467506 1 1 1
 0 343 0.196137  23.9297  9.2401 0.46749 1 1 1
 0 344 -4.02275  27.2018  10.2474 0.115606 1 1 0
 0 345 0.511422  21.2657  15.3469 0.115616 1 1 0
 0 346 2.58228  22.355  11.0812 0.115601 1 1 0
 0 347 -6.0936  26.1125  14.5131 0.11561 1 1 0
 0 348 0.985976  26.0736  11.3403 0.117813 1 1 0
 0 349 -4.4973  22.3938  14.254 0.117793 1 1 0
 0 350 -2.42645  21.2269  9.98826 0.117796 1 1 0
 0 351 -1.08488  27.2406  15.606 0.117789 1 1 0
 0 352 -8.54294  19.9342  20.803 0.688558 1 1 4
 0 353 -3.25181  28.5333  21.8541 0.688576 1 1 4
 0 354 -1.18095  24.7809  17.5884 0.688578 1 1 4
 0 355 -10.6138  23.6865  25.0687 0.688597 1 1 4
 0 356 -9.52166  27.9867  20.2113 -0.189726 1 1 3
 0 357 -2.27308  20.4808  22.4457 -0.189706 1 1 3
 0 358 -0.202228  23.1399  18.18 -0.189705 1 1 3
 0 359 -11.5925  25.3276  24.477 -0.189705 1 1 3
 0 360 -1.87972  27.6281  20.5692 -0.19279 1 1 3
 0 361 -9.91503  20.8394  22.0878 -0.192839 1 1 3
 0 362 -7.84417  22.7814  17.8221 -0.192842 1 1 3
 0 363 -3.95057  25.6861  24.8349 -0.19284 1 1 3
 0 364 -1.19335  26.2474  18.9784 -0.317825 1 1 3
 0 365 -10.6014  22.2201  23.6786 -0.317856 1 1 3
 0 366 -8.53054  21.4007  19.4129 -0.317783 1 1 3
 0 367 -3.2642  27.0668  23.2441 -0.317845 1 1 3
 0 368 -7.18118  20.1368  22.2867 -0.498914 1 1 2
 0 369 -4.61356  28.3307  20.3703 -0.498913 1 1 2
 0 370 -6.68442  24.9835  24.636 -0.498917 1 1 2
 0 371 -5.11032  23.484  18.021 -0.498914 1 1 2
 0 372 -5.04546  19.6953  22.8384 -0.504972 1 1 2
 0 373 -6.74928  28.7722  19.8186 -0.504996 1 1 2
 0 374 -8.82013  24.5421  24.0843 -0.504964 1 1 2
 0 375 -2.97461  23.9254  18.5727 -0.504947 1 1 2
 0 376 -9.13727  27.1459  19.2531 0.1511 1 1 1
 0 377 -2.65748  21.3216  23.4039 0.151084 1 1 1
 0 378 -0.586621  22.2991  19.1382 0.151075 1 1 1
 0 379 -11.2081  26.1684  23.5188 0.15109 1 1 1
 0 380 -2.20103  26.5818  19.8174 0.163631 1 1 1
 0 381 -9.59371  21.8857  22.8396 0.163688 1 1 1
 0 382 -7.52285  21.7351  18.5739 0.163655 1 1 1
 0 383 -4.27189  26.7324  24.0831 0.163692 1 1 1
 0 384 -6.01643  19.691  22.0372 0.467519 1 1 1
 0 385 -5.77831  28.7764  20.6198 0.467537 1 1 1
 0 386 -7.84916  24.5378  24.8855 0.467506 1 1 1
 0 387 -3.94557  23.9297  17.7715 0.46749 1 1 1
 0 388 -8.16446  27.2018  18.7788 0.115606 1 1 0
 0 389 -3.63029  21.2657  23.8783 0.115616 1 1 0
 0 390 -1.55943  22.355  19.6126 0.115601 1 1 0
 0 391 -10.2353  26.1125  23.0445 0.11561 1 1 0
 0 392 -3.15573  26.0736  19.8717 0.117813 1 1 0
 0 393 -8.63901  22.3938  22.7854 0.117793 1 1 0
 0 394 -6.56816  21.2269  18.5197 0.117796 1 1 0
 0 395 -5.22659  27.2406  24.1374 0.117789 1 1 0
 0 396 8.65427  0.547197  3.74015 0.688558 1 1 4
 0 397 13.9454  9.1463  4.79126 0.688576 1 1 4
 0 398 16.0163  5.39395  0.525558 0.688578 1 1 4
 0 399 6.58342  4.29955  8.00585 0.688597 1 1 4
 0 400 7.67556  8.59966  3.1485 -0.189726 1 1 3
 0 401 14.9241  1.09384  5.38291 -0.189706 1 1 3
 0 402 16.995  3.75291  1.1172 -0.189705 1 1 3
 0 403 5.6047  5.94059  7.41421 -0.189705 1 1 3
 0 404 15.3175  8.2411  3.50637 -0.19279 1 1 3
 0 405 7.28219  1.4524  5.02503 -0.192839 1 1 3
 0 406 9.35305  3.39435  0.759327 -0.192842 1 1 3
 0 407 13.2466  6.29915  7.77208 -0.19284 1 1 3
 0 408 16.0039  6.86041  1.9156 -0.317825 1 1 3
 0 409 6.59582  2.8331  6.61581 -0.317856 1 1 3
 0 410 8.66668  2.01366  2.35011 -0.317783 1 1 3
 0 411 13.933  7.67985  6.1813 -0.317845 1 1 3
 0 412 10.016  0.74978  5.2239 -0.498914 1 1 2
 0 413 12.5837  8.94372  3.30751 -0.498913 1 1 2
 0 414 10.5128  5.59653  7.57321 -0.498917 1 1 2
 0 415 12.0869  4.09698  0.958189 -0.498914 1 1 2
 0 416 12.1518  0.308322  5.77558 -0.504972 1 1 2
 0 417 10.4479  9.38517  2.75582 -0.504996 1 1 2
 0 418 8.37709  5.15507  7.02153 -0.504964 1 1 2
 0 419 14.2226  4.53843  1.50988 -0.504947 1 1 2
 0 420 8.05995  7.75886  2.19031 0.1511 1 1 1
 0 421 14.5397  1.93464  6.3411 0.151084 1 1 1
 0 422 16.6106  2.91211  2.0754 0.151075 1 1 1
 0 423 5.9891  6.78139  6.45601 0.15109 1 1 1
 0 424 14.9962  7.19484  2.7546 0.163631 1 1 1
 0 425 7.60351  2.49866  5.7768 0.163688 1 1 1
 0 426 9.67436  2.34809  1.5111 0.163655 1 1 1
 0 427 12.9253  7.34541  7.02031 0.163692 1 1 1
 0 428 11.1808  0.304047  4.9744 0.467519 1 1 1
 0 429 11.4189  9.38945  3.55701 0.467537 1 1 1
 0 430 9.34806  5.1508  7.82271 0.467506 1 1 1
 0 431 13.2516  4.5427  0.708696 0.46749 1 1 1
 0 432 9.03276  7.81478  1.71596 0.115606 1 1 0
 0 433 13.5669  1.87872  6.81545 0.115616 1 1 0
 0 434 15.6378  2.96803  2.54974 0.115601 1 1 0
 0 435 6.9619  6.72547  5.98167 0.11561 1 1 0
 0 436 14.0415  6.68665  2.80885 0.117813 1 1 0
 0 437 8.5582  3.00685  5.72256 0.117793 1 1 0
 0 438 10.6291  1.8399  1.45686 0.117796 1 1 0
 0 439 11.9706  7.8536  7.07455 0.117789 1 1 0
 0 440 4.51257  0.547197  12.2716 0.688558 1 1 4
 0 441 9.8037  9.1463  13.3227 0.688576 1 1 4
 0 442 11.8746  5.39395  9.05697 0.688578 1 1 4
 0 443 2.44171  4.29955  16.5373 0.688597 1 1 4
 0 444 3.53385  8.59966  11.6799 -0.189726 1 1 3
 0 445 10.7824  1.09384  13.9143 -0.189706 1 1 3
 0 446 12.8533  3.75291  9.64861 -0.189705 1 1 3
 0 447 1.463  5.94059  15.9456 -0.189705 1 1 3
 0 448 11.1758  8.2411  12.0378 -0.19279 1 1 3
 0 449 3.14048  1.4524  13.5564 -0.192839 1 1 3
 0 450 5.21134  3.39435  9.29073 -0.192842 1 1 3
 0 451 9.10494  6.29915  16.3035 -0.19284 1 1 3
 0 452 11.8622  6.86041  10.447 -0.317825 1 1 3
 0 453 2.45411  2.8331  15.1472 -0.317856 1 1 3
 0 454 4.52497  2.01366  10.8815 -0.317783 1 1 3
 0 455 9.79131  7.67985  14.7127 -0.317845 1 1 3
 0 456 5.87433  0.74978  13.7553 -0.498914 1 1 2
 0 457 8.44194  8.94372  11.8389 -0.498913 1 1 2
 0 458 6.37109  5.59653  16.1046 -0.498917 1 1 2
 0 459 7.94519  4.09698  9.4896 -0.498914 1 1 2
 0 460 8.01005  0.308322  14.307 -0.504972 1 1 2
 0 461 6.30623  9.38517  11.2872 -0.504996 1 1 2
 0 462 4.23538  5.15507  15.5529 -0.504964 1 1 2
 0 463 10.0809  4.53843  10.0413 -0.504947 1 1 2
 0 464 3.91824  7.75886  10.7217 0.1511 1 1 1
 0 465 10.398  1.93464  14.8725 0.151084 1 1 1
 0 466 12.4689  2.91211  10.6068 0.151075 1 1 1
 0 467 1.84739  6.78139  14.9874 0.15109 1 1 1
 0 468 10.8545  7.19484  11.286 0.163631 1 1 1
 0 469 3.4618  2.49866  14.3082 0.163688 1 1 1
 0 470 5.53265  2.34809  10.0425 0.163655 1 1 1
 0 471 8.78362  7.34541  15.5517 0.163692 1 1 1
 0 472 7.03908  0.304047  13.5058 0.467519 1 1 1
 0 473 7.2772  9.38945  12.0884 0.467537 1 1 1
 0 474 5.20635  5.1508  16.3541 0.467506 1 1 1
 0 475 9.10994  4.5427  9.2401 0.46749 1 1 1
 0 476 4.89105  7.81478  10.2474 0.115606 1 1 0
 0 477 9.42522  1.87872  15.3469 0.115616 1 1 0
 0 478 11.4961  2.96803  11.0812 0.115601 1 1 0
 0 479 2.8202  6.72547  14.5131 0.11561 1 1 0
 0 480 9.89978  6.68665  11.3403 0.117813 1 1 0
 0 481 4.4165  3.00685  14.254 0.117793 1 1 0
 0 482 6.48735  1.8399  9.98826 0.117796 1 1 0
 0 483 7.82892  7.8536  15.606 0.117789 1 1 0
 0 484 0.370858  0.547197  20.803 0.688558 1 1 4
 0 485 5.662  9.1463  21.8541 0.688576 1 1 4
 0 486 7.73285  5.39395  17.5884 0.688578 1 1 4
 0 487 -1.69999  4.29955  25.0687 0.688597 1 1 4
 0 488 -0.607861  8.59966  20.2113 -0.189726 1 1 3
 0 489 6.64072  1.09384  22.4457 -0.189706 1 1 3
 0 490 8.71157  3.75291  18.18 -0.189705 1 1 3
 0 491 -2.67871  5.94059  24.477 -0.189705 1 1 3
 0 492 7.03409  8.2411  20.5692 -0.19279 1 1 3
 0 493 -1.00123  1.4524  22.0878 -0.192839 1 1 3
 0 494 1.06963  3.39435  17.8221 -0.192842 1 1 3
 0 495 4.96323  6.29915  24.8349 -0.19284 1 1 3
 0 496 7.72045  6.86041  18.9784 -0.317825 1 1 3
 0 497 -1.6876  2.8331  23.6786 -0.317856 1 1 3
 0 498 0.383259  2.01366  19.4129 -0.317783 1 1 3
 0 499 5.6496  7.67985  23.2441 -0.317845 1 1 3
 0 500 1.73262  0.74978  22.2867 -0.498914 1 1 2
 0 501 4.30024  8.94372  20.3703 -0.498913 1 1 2
 0 502 2.22938  5.59653  24.636 -0.498917 1 1 2
 0 503 3.80348  4.09698  18.021 -0.498914 1 1 2
 0 504 3.86834  0.308322  22.8384 -0.504972 1 1 2
 0 505 2.16452  9.38517  19.8186 -0.504996 1 1 2
 0 506 0.0936701  5.15507  24.0843 -0.504964 1 1 2
 0 507 5.93919  4.53843  18.5727 -0.504947 1 1 2
 0 508 -0.223467  7.75886  19.2531 0.1511 1 1 1
 0 509 6.25632  1.93464  23.4039 0.151084 1 1 1
 0 510 8.32718  2.91211  19.1382 0.151075 1 1 1
 0 511 -2.29432  6.78139  23.5188 0.15109 1 1 1
 0 512 6.71277  7.19484  19.8174 0.163631 1 1 1
 0 513 -0.679907  2.49866  22.8396 0.163688 1 1 1
 0 514 1.39095  2.34809  18.5739 0.163655 1 1 1
 0 515 4.64191  7.34541  24.0831 0.163692 1 1 1
 0 516 2.89737  0.304047  22.0372 0.467519 1 1 1
 0 517 3.13549  9.38945  20.6198 0.467537 1 1 1
 0 518 1.06464  5.1508  24.8855 0.467506 1 1 1
 0 519 4.96823  4.5427  17.7715 0.46749 1 1 1
 0 520 0.749343  7.81478  18.7788 0.115606 1 1 0
 0 521 5.28351  1.87872  23.8783 0.115616 1 1 0
 0 522 7.35437  2.96803  19.6126 0.115601 1 1 0
 0 523 -1.32151  6.72547  23.0445 0.11561 1 1 0
 0 524 5.75807  6.68665  19.8717 0.117813 1 1 0
 0 525 0.274788  3.00685  22.7854 0.117793 1 1 0
 0 526 2.34564  1.8399  18.5197 0.117796 1 1 0
 0 527 3.68721  7.8536  24.1374 0.117789 1 1 0
 0 528 8.65427  10.2407  3.74015 0.688558 1 1 4
 0 529 13.9454  18.8398  4.79126 0.688576 1 1 4
 0 530 16.0163  15.0874  0.525558 0.688578 1 1 4
 0 531 6.58342  13.993  8.00585 0.688597 1 1 4
 0 532 7.67556  18.2932  3.1485 -0.189726 1 1 3
 0 533 14.9241  10.7873  5.38291 -0.189706 1 1 3
 0 534 16.995  13.4464  1.1172 -0.189705 1 1 3
 0 535 5.6047  15.6341  7.41421 -0.189705 1 1 3
 0 536 15.3175  17.9346  3.50637 -0.19279 1 1 3
 0 537 7.28219  11.1459  5.02503 -0.192839 1 1 3
 0 538 9.35305  13.0879  0.759327 -0.192842 1 1 3
 0 539 13.2466  15.9926  7.77208 -0.19284 1 1 3
 0 540 16.0039  16.5539  1.9156 -0.317825 1 1 3
 0 541 6.59582  12.5266  6.61581 -0.317856 1 1 3
 0 542 8.66668  11.7072  2.35011 -0.317783 1 1 3
 0 543 13.933  17.3733  6.1813 -0.317845 1 1 3
 0 544 10.016  10.4433  5.2239 -0.498914 1 1 2
 0 545 12.5837  18.6372  3.30751 -0.498913 1 1 2
 0 546 10.5128  15.29  7.57321 -0.498917 1 1 2
 0 547 12.0869  13.7905  0.958189 -0.498914 1 1 2
 0 548 12.1518  10.0018  5.77558 -0.504972 1 1 2
 0 549 10.4479  19.0787  2.75582 -0.504996 1 1 2
 0 550 8.37709  14.8486  7.02153 -0.504964 1 1 2
 0 551 14.2226  14.2319  1.50988 -0.504947 1 1 2
 0 552 8.05995  17.4524  2.19031 0.1511 1 1 1
 0 553 14.5397  11.6281  6.3411 0.151084 1 1 1
 0 554 16.6106  12.6056  2.0754 0.151075 1 1 1
 0 555 5.9891  16.4749  6.45601 0.15109 1 1 1
 0 556 14.9962  16.8883  2.7546 0.163631 1 1 1
 0 557 7.60351  12.1922  5.7768 0.163688 1 1 1
 0 558 9.67436  12.0416  1.5111 0.163655 1 1 1
 0 559 12.9253  17.0389  7.02031 0.163692 1 1 1
 0 560 11.1808  9.99755  4.9744 0.467519 1 1 1
 0 561 11.4189  19.083  3.55701 0.467537 1 1 1
 0 562 9.34806  14.8443  7.82271 0.467506 1 1 1
 0 563 13.2516  14.2362  0.708696 0.46749 1 1 1
 0 564 9.03276  17.5083  1.71596 0.115606 1 1 0
 0 565 13.5669  11.5722  6.81545 0.115616 1 1 0
 0 566 15.6378  12.6615  2.54974 0.115601 1 1 0
 0 567 6.9619  16.419  5.98167 0.11561 1 1 0
 0 568 14.0415  16.3801  2.80885 0.117813 1 1 0
 0 569 8.5582  12.7003  5.72256 0.117793 1 1 0
 0 570 10.6291  11.5334  1.45686 0.117796 1 1 0
 0 571 11.9706  17.5471  7.07455 0.117789 1 1 0
 0 572 4.51257  10.2407  12.2716 0.688558 1 1 4
 0 573 9.8037  18.8398  13.3227 0.688576 1 1 4
 0 574 11.8746  15.0874  9.05697 0.688578 1 1 4
 0 575 2.44171  13.993  16.5373 0.688597 1 1 4
 0 576 3.53385  18.2932  11.6799 -0.189726 1 1 3
 0 577 10.7824  10.7873  13.9143 -0.189706 1 1 3
 0 578 12.8533  13.4464  9.64861 -0.189705 1 1 3
 0 579 1.463  15.6341  15.9456 -0.189705 1 1 3
 0 580 11.1758  17.9346  12.0378 -0.19279 1 1 3
 0 581 3.14048  11.1459  13.5564 -0.192839 1 1 3
 0 582 5.21134  13.0879  9.29073 -0.192842 1 1 3
 0 583 9.10494  15.9926  16.3035 -0.19284 1 1 3
 0 584 11.8622  16.5539  10.447 -0.317825 1 1 3
 0 585 2.45411  12.5266  15.1472 -0.317856 1 1 3
 0 586 4.52497  11.7072  10.8815 -0.317783 1 1 3
 0 587 9.79131  17.3733  14.7127 -0.317845 1 1 3
 0 588 5.87433  10.4433  13.7553 -0.498914 1 1 2
 0 589 8.44194  18.6372  11.8389 -0.498913 1 1 2
 0 590 6.37109  15.29  16.1046 -0.498917 1 1 2
 0 591 7.94519  13.7905  9.4896 -0.498914 1 1 2
 0 592 8.01005  10.0018  14.307 -0.504972 1 1 2
 0 593 6.30623  19.0787  11.2872 -0.504996 1 1 2
 0 594 4.23538  14.8486  15.5529 -0.504964 1 1 2
 0 595 10.0809  14.2319  10.0413 -0.504947 1 1 2
 0 596 3.91824  17.4524  10.7217 0.1511 1 1 1
 0 597 10.398  11.6281  14.8725 0.151084 1 1 1
 0 598 12.4689  12.6056  10.6068 0.151075 1 1 1
 0 599 1.84739  16.4749  14.9874 0.15109 1 1 1
 0 600 10.8545  16.8883  11.286 0.163631 1 1 1
 0 601 3.4618  12.1922  14.3082 0.163688 1 1 1
 0 602 5.53265  12.0416  10.0425 0.163655 1 1 1
 0 603 8.78362  17.0389  15.5517 0.163692 1 1 1
 0 604 7.03908  9.99755  13.5058 0.467519 1 1 1
 0 605 7.2772  19.083  12.0884 0.467537 1 1 1
 0 606 5.20635  14.8443  16.3541 0.467506 1 1 1
 0 607 9.10994  14.2362  9.2401 0.46749 1 1 1
 0 608 4.89105  17.5083  10.2474 0.115606 1 1 0
 0 609 9.42522  11.5722  15.3469 0.115616 1 1 0
 0 610 11.4961  12.6615  11.0812 0.115601 1 1 0
 0 611 2.8202  16.419  14.5131 0.11561 1 1 0
 0 612 9.89978  16.3801  11.3403 0.117813 1 1 0
 0 613 4.4165  12.7003  14.254 0.117793 1 1 0
 0 614 6.48735  11.5334  9.98826 0.117796 1 1 0
 0 615 7.82892  17.5471  15.606 0.117789 1 1 0
 0 616 0.370858  10.2407  20.803 0.688558 1 1 4
 0 617 5.662  18.8398  21.8541 0.688576 1 1 4
 0 618 7.73285  15.0874  17.5884 0.688578 1 1 4
 0 619 -1.69999  13.993  25.0687 0.688597 1 1 4
 0 620 -0.607861  18.2932  20.2113 -0.189726 1 1 3
 0 621 6.64072  10.7873  22.4457 -0.189706 1 1 3
 0 622 8.71157  13.4464  18.18 -0.189705 1 1 3
 0 623 -2.67871  15.6341  24.477 -0.189705 1 1 3
 0 624 7.03409  17.9346  20.5692 -0.19279 1 1 3
 0 625 -1.00123  11.1459  22.0878 -0.192839 1 1 3
 0 626 1.06963  13.0879  17.8221 -0.192842 1 1 3
 0 627 4.96323  15.9926  24.8349 -0.19284 1 1 3
 0 628 7.72045  16.5539  18.9784 -0.317825 1 1 3
 0 629 -1.6876  12.5266  23.6786 -0.317856 1 1 3
 0 630 0.383259  11.7072  19.4129 -0.317783 1 1 3
 0 631 5.6496  17.3733  23.2441 -0.317845 1 1 3
 0 632 1.73262  10.4433  22.2867 -0.498914 1 1 2
 0 633 4.30024  18.6372  20.3703 -0.498913 1 1 2
 0 634 2.22938  15.29  24.636 -0.498917 1 1 2
 0 635 3.80348  13.7905  18.021 -0.498914 1 1 2
 0 636 3.86834  10.0018  22.8384 -0.504972 1 1 2
 0 637 2.16452  19.0787  19.8186 -0.504996 1 1 2
 0 638 0.0936701  14.8486  24.0843 -0.504964 1 1 2
 0 639 5.93919  14.2319  18.5727 -0.504947 1 1 2
 0 640 -0.223467  17.4524  19.2531 0.1511 1 1 1
 0 641 6.25632  11.6281  23.4039 0.151084 1 1 1
 0 642 8.32718  12.6056  19.1382 0.151075 1 1 1
 0 643 -2.29432  16.4749  23.5188 0.15109 1 1 1
 0 644 6.71277  16.8883  19.8174 0.163631 1 1 1
 0 645 -0.679907  12.1922  22.8396 0.163688 1 1 1
 0 646 1.39095  12.0416  18.5739 0.163655 1 1 1
 0 647 4.64191  17.0389  24.0831 0.163692 1 1 1
 0 648 2.89737  9.99755  22.0372 0.467519 1 1 1
 0 649 3.13549  19.083  20.6198 0.467537 1 1 1
 0 650 1.06464  14.8443  24.8855 0.467506 1 1 1
 0 651 4.96823  14.2362  17.7715 0.46749 1 1 1
 0 652 0.749343  17.5083  18.7788 0.115606 1 1 0
 0 653 5.28351  11.5722  23.8783 0.115616 1 1 0
 0 654 7.35437  12.6615  19.6126 0.115601 1 1 0
 0 655 -1.32151  16.419  23.0445 0.11561 1 1 0
 0 656 5.75807  16.3801  19.8717 0.117813 1 1 0
 0 657 0.274788  12.7003  22.7854 0.117793 1 1 0
 0 658 2.34564  11.5334  18.5197 0.117796 1 1 0
 0 659 3.68721  17.5471  24.1374 0.117789 1 1 0
 0 660 8.65427  19.9342  3.74015 0.688558 1 1 4
 0 661 13.9454  28.5333  4.79126 0.688576 1 1 4
 0 662 16.0163  24.7809  0.525558 0.688578 1 1 4
 0 663 6.58342  23.6865  8.00585 0.688597 1 1 4
 0 664 7.67556  27.9867  3.1485 -0.189726 1 1 3
 0 665 14.9241  20.4808  5.38291 -0.189706 1 1 3
 0 666 16.995  23.1399  1.1172 -0.189705 1 1 3
 0 667 5.6047  25.3276  7.41421 -0.189705 1 1 3
 0 668 15.3175  27.6281  3.50637 -0.19279 1 1 3
 0 669 7.28219  20.8394  5.02503 -0.192839 1 1 3
 0 670 9.35305  22.7814  0.759327 -0.192842 1 1 3
 0 671 13.2466  25.6861  7.77208 -0.19284 1 1 3
 0 672 16.0039  26.2474  1.9156 -0.317825 1 1 3
 0 673 6.59582  22.2201  6.61581 -0.317856 1 1 3
 0 674 8.66668  21.4007  2.35011 -0.317783 1 1 3
 0 675 13.933  27.0668  6.1813 -0.317845 1 1 3
 0 676 10.016  20.1368  5.2239 -0.498914 1 1 2
 0 677 12.5837  28.3307  3.30751 -0.498913 1 1 2
 0 678 10.5128  24.9835  7.57321 -0.498917 1 1 2
 0 679 12.0869  23.484  0.958189 -0.498914 1 1 2
 0 680 12.1518  19.6953  5.77558 -0.504972 1 1 2
 0 681 10.4479  28.7722  2.75582 -0.504996 1 1 2
 0 682 8.37709  24.5421  7.02153 -0.504964 1 1 2
 0 683 14.2226  23.9254  1.50988 -0.504947 1 1 2
 0 684 8.05995  27.1459  2.19031 0.1511 1 1 1
 0 685 14.5397  21.3216  6.3411 0.151084 1 1 1
 0 686 16.6106  22.2991  2.0754 0.151075 1 1 1
 0 687 5.9891  26.1684  6.45601 0.15109 1 1 1
 0 688 14.9962  26.5818  2.7546 0.163631 1 1 1
 0 689 7.60351  21.8857  5.7768 0.163688 1 1 1
 0 690 9.67436  21.7351  1.5111 0.163655 1 1 1
 0 691 12.9253  26.7324  7.02031 0.163692 1 1 1
 0 692 11.1808  19.691  4.9744 0.467519 1 1 1
 0 693 11.4189  28.7764  3.55701 0.467537 1 1 1
 0 694 9.34806  24.5378  7.82271 0.467506 1 1 1
 0 695 13.2516  23.9297  0.708696 0.46749 1 1 1
 0 696 9.03276  27.2018  1.71596 0.115606 1 1 0
 0 697 13.5669  21.2657  6.81545 0.115616 1 1 0
 0 698 15.6378  22.355  2.54974 0.115601 1 1 0
 0 699 6.9619  26.1125  5.98167 0.11561 1 1 0
 0 700 14.0415  26.0736  2.80885 0.117813 1 1 0
 0 701 8.5582  22.3938  5.72256 0.117793 1 1 0
 0 702 10.6291  21.2269  1.45686 0.117796 1 1 0
 0 703 11.9706  27.2406  7.07455 0.117789 1 1 0
 0 704 4.51257  19.9342  12.2716 0.688558 1 1 4
 0 705 9.8037  28.5333  13.3227 0.688576 1 1 4
 0 706 11.8746  24.7809  9.05697 0.688578 1 1 4
 0 707 2.44171  23.6865  16.5373 0.688597 1 1 4
 0 708 3.53385  27.9867  11.6799 -0.189726 1 1 3
 0 709 10.7824  20.4808  13.9143 -0.189706 1 1 3
 0 710 12.8533  23.1399  9.64861 -0.189705 1 1 3
 0 711 1.463  25.3276  15.9456 -0.189705 1 1 3
 0 712 11.1758  27.6281  12.0378 -0.19279 1 1 3
 0 713 3.14048  20.8394  13.5564 -0.192839 1 1 3
 0 714 5.21134  22.7814  9.29073 -0.192842 1 1 3
 0 715 9.10494  25.6861  16.3035 -0.19284 1 1 3
 0 716 11.8622  26.2474  10.447 -0.317825 1 1 3
 0 717 2.45411  22.2201  15.1472 -0.317856 1 1 3
 0 718 4.52497  21.4007  10.8815 -0.317783 1 1 3
 0 719 9.79131  27.0668  14.7127 -0.317845 1 1 3
 0 720 5.87433  20.1368  13.7553 -0.498914 1 1 2
 0 721 8.44194  28.3307  11.8389 -0.498913 1 1 2
 0 722 6.37109  24.9835  16.1046 -0.498917 1 1 2
 0 723 7.94519  23.484  9.4896 -0.498914 1 1 2
 0 724 8.01005  19.6953  14.307 -0.504972 1 1 2
 0 725 6.30623  28.7722  11.2872 -0.504996 1 1 2
 0 726 4.23538  24.5421  15.5529 -0.504964 1 1 2
 0 727 10.0809  23.9254  10.0413 -0.504947 1 1 2
 0 728 3.91824  27.1459  10.7217 0.1511 1 1 1
 0 729 10.398  21.3216  14.8725 0.151084 1 1 1
 0 730 12.4689  22.2991  10.6068 0.151075 1 1 1
 0 731 1.84739  26.1684  14.9874 0.15109 1 1 1
 0 732 10.8545  26.5818  11.286 0.163631 1 1 1
 0 733 3.4618  21.8857  14.3082 0.163688 1 1 1
 0 734 5.53265  21.7351  10.0425 0.163655 1 1 1
 0 735 8.78362  26.7324  15.5517 0.163692 1 1 1
 0 736 7.03908  19.691  13.5058 0.467519 1 1 1
 0 737 7.2772  28.7764  12.0884 0.467537 1 1 1
 0 738 5.20635  24.5378  16.3541 0.467506 1 1 1
 0 739 9.10994  23.9297  9.2401 0.46749 1 1 1
 0 740 4.89105  27.2018  10.2474 0.115606 1 1 0
 0 741 9.42522  21.2657  15.3469 0.115616 1 1 0
 0 742 11.4961  22.355  11.0812 0.115601 1 1 0
 0 743 2.8202  26.1125  14.5131 0.11561 1 1 0
 0 744 9.89978  26.0736  11.3403 0.117813 1 1 0
 0 745 4.4165  22.3938  14.254 0.117793 1 1 0
 0 746 6.48735  21.2269  9.98826 0.117796 1 1 0
 0 747 7.82892  27.2406  15.606 0.117789 1 1 0
 0 748 0.370858  19.9342  20.803 0.688558 1 1 4
 0 749 5.662  28.5333  21.8541 0.688576 1 1 4
 0 750 7.73285  24.7809  17.5884 0.688578 1 1 4
 0 751 -1.69999  23.6865  25.0687 0.688597 1 1 4
 0 752 -0.607861  27.9867  20.2113 -0.189726 1 1 3
 0 753 6.64072  20.4808  22.4457 -0.189706 1 1 3
 0 754 8.71157  23.1399  18.18 -0.189705 1 1 3
 0 755 -2.67871  25.3276  24.477 -0.189705 1 1 3
 0 756 7.03409  27.6281  20.5692 -0.19279 1 1 3
 0 757 -1.00123  20.8394  22.0878 -0.192839 1 1 3
 0 758 1.06963  22.7814  17.8221 -0.192842 1 1 3
 0 759 4.96323  25.6861  24.8349 -0.19284 1 1 3
 0 760 7.72045  26.2474  18.9784 -0.317825 1 1 3
 0 761 -1.6876  22.2201  23.6786 -0.317856 1 1 3
 0 762 0.383259  21.4007  19.4129 -0.317783 1 1 3
 0 763 5.6496  27.0668  23.2441 -0.317845 1 1 3
 0 764 1.73262  20.1368  22.2867 -0.498914 1 1 2
 0 765 4.30024  28.3307  20.3703 -0.498913 1 1 2
 0 766 2.22938  24.9835  24.636 -0.498917 1 1 2
 0 767 3.80348  23.484  18.021 -0.498914 1 1 2
 0 768 3.86834  19.6953  22.8384 -0.504972 1 1 2
 0 769 2.16452  28.7722  19.8186 -0.504996 1 1 2
 0 770 0.0936701  24.5421  24.0843 -0.504964 1 1 2
 0 771 5.93919  23.9254  18.5727 -0.504947 1 1 2
 0 772 -0.223467  27.1459  19.2531 0.1511 1 1 1
 0 773 6.25632  21.3216  23.4039 0.151084 1 1 1
 0 774 8.32718  22.2991  19.1382 0.151075 1 1 1
 0 775 -2.29432  26.1684  23.5188 0.15109 1 1 1
 0 776 6.71277  26.5818  19.8174 0.163631 1 1 1
 0 777 -0.679907  21.8857  22.8396 0.163688 1 1 1
 0 778 1.39095  21.7351  18.5739 0.163655 1 1 1
 0 779 4.64191  26.7324  24.0831 0.163692 1 1 1
 0 780 2.89737  19.691  22.0372 0.467519 1 1 1
 0 781 3.13549  28.7764  20.6198 0.467537 1 1 1
 0 782 1.06464  24.5378  24.8855 0.467506 1 1 1
 0 783 4.96823  23.9297  17.7715 0.46749 1 1 1
 0 784 0.749343  27.2018  18.7788 0.115606 1 1 0
 0 785 5.28351  21.2657  23.8783 0.115616 1 1 0
 0 786 7.35437  22.355  19.6126 0.115601 1 1 0
 0 787 -1.32151  26.1125  23.0445 0.11561 1 1 0
 0 788 5.75807  26.0736  19.8717 0.117813 1 1 0
 0 789 0.274788  22.3938  22.7854 0.117793 1 1 0
 0 790 2.34564  21.2269  18.5197 0.117796 1 1 0
 0 791 3.68721  27.2406  24.1374 0.117789 1 1 0
 0 792 17.5681  0.547197  3.74015 0.688558 1 1 4
 0 793 22.8592  9.1463  4.79126 0.688576 1 1 4
 0 794 24.9301  5.39395  0.525558 0.688578 1 1 4
 0 795 15.4972  4.29955  8.00585 0.688597 1 1 4
 0 796 16.5894  8.59966  3.1485 -0.189726 1 1 3
 0 797 23.8379  1.09384  5.38291 -0.189706 1 1 3
 0 798 25.9088  3.75291  1.1172 -0.189705 1 1 3
 0 799 14.5185  5.94059  7.41421 -0.189705 1 1 3
 0 800 24.2313  8.2411  3.50637 -0.19279 1 1 3
 0 801 16.196  1.4524  5.02503 -0.192839 1 1 3
 0 802 18.2668  3.39435  0.759327 -0.192842 1 1 3
 0 803 22.1604  6.29915  7.77208 -0.19284 1 1 3
 0 804 24.9177  6.86041  1.9156 -0.317825 1 1 3
 0 805 15.5096  2.8331  6.61581 -0.317856 1 1 3
 0 806 17.5805  2.01366  2.35011 -0.317783 1 1 3
 0 807 22.8468  7.67985  6.1813 -0.317845 1 1 3
 0 808 18.9298  0.74978  5.2239 -0.498914 1 1 2
 0 809 21.4975  8.94372  3.30751 -0.498913 1 1 2
 0 810 19.4266  5.59653  7.57321 -0.498917 1 1 2
 0 811 21.0007  4.09698  0.958189 -0.498914 1 1 2
 0 812 21.0656  0.308322  5.77558 -0.504972 1 1 2
 0 813 19.3617  9.38517  2.75582 -0.504996 1 1 2
 0 814 17.2909  5.15507  7.02153 -0.504964 1 1 2
 0 815 23.1364  4.53843  1.50988 -0.504947 1 1 2
 0 816 16.9737  7.75886  2.19031 0.1511 1 1 1
 0 817 23.4535  1.93464  6.3411 0.151084 1 1 1
 0 818 25.5244  2.91211  2.0754 0.151075 1 1 1
 0 819 14.9029  6.78139  6.45601 0.15109 1 1 1
 0 820 23.91  7.19484  2.7546 0.163631 1 1 1
 0 821 16.5173  2.49866  5.7768 0.163688 1 1 1
 0 822 18.5882  2.34809  1.5111 0.163655 1 1 1
 0 823 21.8391  7.34541  7.02031 0.163692 1 1 1
 0 824 20.0946  0.304047  4.9744 0.467519 1 1 1
 0 825 20.3327  9.38945  3.55701 0.467537 1 1 1
 0 826 18.2619  5.1508  7.82271 0.467506 1 1 1
 0 827 22.1654  4.5427  0.708696 0.46749 1 1 1
 0 828 17.9466  7.81478  1.71596 0.115606 1 1 0
 0 829 22.4807  1.87872  6.81545 0.115616 1 1 0
 0 830 24.5516  2.96803  2.54974 0.115601 1 1 0
 0 831 15.8757  6.72547  5.98167 0.11561 1 1 0
 0 832 22.9553  6.68665  2.80885 0.117813 1 1 0
 0 833 17.472  3.00685  5.72256 0.117793 1 1 0
 0 834 19.5429  1.8399  1.45686 0.117796 1 1 0
 0 835 20.8844  7.8536  7.07455 0.117789 1 1 0
 0 836 13.4264  0.547197  12.2716 0.688558 1 1 4
 0 837 18.7175  9.1463  13.3227 0.688576 1 1 4
 0 838 20.7884  5.39395  9.05697 0.688578 1 1 4
 0 839 11.3555  4.29955  16.5373 0.688597 1 1 4
 0 840 12.4476  8.59966  11.6799 -0.189726 1 1 3
 0 841 19.6962  1.09384  13.9143 -0.189706 1 1 3
 0 842 21.7671  3.75291  9.64861 -0.189705 1 1 3
 0 843 10.3768  5.94059  15.9456 -0.189705 1 1 3
 0 844 20.0896  8.2411  12.0378 -0.19279 1 1 3
 0 845 12.0543  1.4524  13.5564 -0.192839 1 1 3
 0 846 14.1251  3.39435  9.29073 -0.192842 1 1 3
 0 847 18.0187  6.29915  16.3035 -0.19284 1 1 3
 0 848 20.776  6.86041  10.447 -0.317825 1 1 3
 0 849 11.3679  2.8331  15.1472 -0.317856 1 1 3
 0 850 13.4388  2.01366  10.8815 -0.317783 1 1 3
 0 851 18.7051  7.67985  14.7127 -0.317845 1 1 3
 0 852 14.7881  0.74978  13.7553 -0.498914 1 1 2
 0 853 17.3557  8.94372  11.8389 -0.498913 1 1 2
 0 854 15.2849  5.59653  16.1046 -0.498917 1 1 2
 0 855 16.859  4.09698  9.4896 -0.498914 1 1 2
 0 856 16.9239  0.308322  14.307 -0.504972 1 1 2
 0 857 15.22  9.38517  11.2872 -0.504996 1 1 2
 0 858 13.1492  5.15507  15.5529 -0.504964 1 1 2
 0 859 18.9947  4.53843  10.0413 -0.504947 1 1 2
 0 860 12.832  7.75886  10.7217 0.1511 1 1 1
 0 861 19.3118  1.93464  14.8725 0.151084 1 1 1
 0 862 21.3827  2.91211  10.6068 0.151075 1 1 1
 0 863 10.7612  6.78139  14.9874 0.15109 1 1 1
 0 864 19.7683  7.19484  11.286 0.163631 1 1 1
 0 865 12.3756  2.49866  14.3082 0.163688 1 1 1
 0 866 14.4465  2.34809  10.0425 0.163655 1 1 1
 0 867 17.6974  7.34541  15.5517 0.163692 1 1 1
 0 868 15.9529  0.304047  13.5058 0.467519 1 1 1
 0 869 16.191  9.38945  12.0884 0.467537 1 1 1
 0 870 14.1202  5.1508  16.3541 0.467506 1 1 1
 0 871 18.0237  4.5427  9.2401 0.46749 1 1 1
 0 872 13.8049  7.81478  10.2474 0.115606 1 1 0
 0 873 18.339  1.87872  15.3469 0.115616 1 1 0
 0 874 20.4099  2.96803  11.0812 0.115601 1 1 0
 0 875 11.734  6.72547  14.5131 0.11561 1 1 0
 0 876 18.8136  6.68665  11.3403 0.117813 1 1 0
 0 877 13.3303  3.00685  14.254 0.117793 1 1 0
 0 878 15.4012  1.8399  9.98826 0.117796 1 1 0
 0 879 16.7427  7.8536  15.606 0.117789 1 1 0
 0 880 9.28466  0.547197  20.803 0.688558 1 1 4
 0 881 14.5758  9.1463  21.8541 0.688576 1 1 4
 0 882 16.6467  5.39395  17.5884 0.688578 1 1 4
 0 883 7.21381  4.29955  25.0687 0.688597 1 1 4
 0 884 8.30594  8.59966  20.2113 -0.189726 1 1 3
 0 885 15.5545  1.09384  22.4457 -0.189706 1 1 3
 0 886 17.6254  3.75291  18.18 -0.189705 1 1 3
 0 887 6.23509  5.94059  24.477 -0.189705 1 1 3
 0 888 15.9479  8.2411  20.5692 -0.19279 1 1 3
 0 889 7.91257  1.4524  22.0878 -0.192839 1 1 3
 0 890 9.98343  3.39435  17.8221 -0.192842 1 1 3
 0 891 13.877  6.29915  24.8349 -0.19284 1 1 3
 0 892 16.6343  6.86041  18.9784 -0.317825 1 1 3
 0 893 7.2262  2.8331  23.6786 -0.317856 1 1 3
 0 894 9.29706  2.01366  19.4129 -0.317783 1 1 3
 0 895 14.5634  7.67985  23.2441 -0.317845 1 1 3
 0 896 10.6464  0.74978  22.2867 -0.498914 1 1 2
 0 897 13.214  8.94372  20.3703 -0.498913 1 1 2
 0 898 11.1432  5.59653  24.636 -0.498917 1 1 2
 0 899 12.7173  4.09698  18.021 -0.498914 1 1 2
 0 900 12.7821  0.308322  22.8384 -0.504972 1 1 2
 0 901 11.0783  9.38517  19.8186 -0.504996 1 1 2
 0 902 9.00747  5.15507  24.0843 -0.504964 1 1 2
 0 903 14.853  4.53843  18.5727 -0.504947 1 1 2
 0 904 8.69033  7.75886  19.2531 0.1511 1 1 1
 0 905 15.1701  1.93464  23.4039 0.151084 1 1 1
 0 906 17.241  2.91211  19.1382 0.151075 1 1 1
 0 907 6.61948  6.78139  23.5188 0.15109 1 1 1
 0 908 15.6266  7.19484  19.8174 0.163631 1 1 1
 0 909 8.23389  2.49866  22.8396 0.163688 1 1 1
 0 910 10.3047  2.34809  18.5739 0.163655 1 1 1
 0 911 13.5557  7.34541  24.0831 0.163692 1 1 1
 0 912 11.8112  0.304047  22.0372 0.467519 1 1 1
 0 913 12.0493  9.38945  20.6198 0.467537 1 1 1
 0 914 9.97844  5.1508  24.8855 0.467506 1 1 1
 0 915 13.882  4.5427  17.7715 0.46749 1 1 1
 0 916 9.66314  7.81478  18.7788 0.115606 1 1 0
 0 917 14.1973  1.87872  23.8783 0.115616 1 1 0
 0 918 16.2682  2.96803  19.6126 0.115601 1 1 0
 0 919 7.59229  6.72547  23.0445 0.11561 1 1 0
 0 920 14.6719  6.68665  19.8717 0.117813 1 1 0
 0 921 9.18859  3.00685  22.7854 0.117793 1 1 0
 0 922 11.2594  1.8399  18.5197 0.117796 1 1 0
 0 923 12.601  7.8536  24.1374 0.117789 1 1 0
 0 924 17.5681  10.2407  3.74015 0.688558 1 1 4
 0 925 22.8592  18.8398  4.79126 0.688576 1 1 4
 0 926 24.9301  15.0874  0.525558 0.688578 1 1 4
 0 927 15.4972  13.993  8.00585 0.688597 1 1 4
 0 928 16.5894  18.2932  3.1485 -0.189726 1 1 3
 0 929 23.8379  10.7873  5.38291 -0.189706 1 1 3
 0 930 25.9088  13.4464  1.1172 -0.189705 1 1 3
 0 931 14.5185  15.6341  7.41421 -0.189705 1 1 3
 0 932 24.2313  17.9346  3.50637 -0.19279 1 1 3
 0 933 16.196  11.1459  5.02503 -0.192839 1 1 3
 0 934 18.2668  13.0879  0.759327 -0.192842 1 1 3
 0 935 22.1604  15.9926  7.77208 -0.19284 1 1 3
 0 936 24.9177  16.5539  1.9156 -0.317825 1 1 3
 0 937 15.5096  12.5266  6.61581 -0.317856 1 1 3
 0 938 17.5805  11.7072  2.35011 -0.317783 1 1 3
 0 939 22.8468  17.3733  6.1813 -0.317845 1 1 3
 0 940 18.9298  10.4433  5.2239 -0.498914 1 1 2
 0 941 21.4975  18.6372  3.30751 -0.498913 1 1 2
 0 942 19.4266  15.29  7.57321 -0.498917 1 1 2
 0 943 21.0007  13.7905  0.958189 -0.498914 1 1 2
 0 944 21.0656  10.0018  5.77558 -0.504972 1 1 2
 0 945 19.3617  19.0787  2.75582 -0.504996 1 1 2
 0 946 17.2909  14.8486  7.02153 -0.504964 1 1 2
 0 947 23.1364  14.2319  1.50988 -0.504947 1 1 2
 0 948 16.9737  17.4524  2.19031 0.1511 1 1 1
 0 949 23.4535  11.6281  6.3411 0.151084 1 1 1
 0 950 25.5244  12.6056  2.0754 0.151075 1 1 1
 0 951 14.9029  16.4749  6.45601 0.15109 1 1 1
 0 952 23.91  16.8883  2.7546 0.163631 1 1 1
 0 953 16.5173  12.1922  5.7768 0.163688 1 1 1
 0 954 18.5882  12.0416  1.5111 0.163655 1 1 1
 0 955 21.8391  17.0389  7.02031 0.163692 1 1 1
 0 956 20.0946  9.99755  4.9744 0.467519 1 1 1
 0 957 20.3327  19.083  3.55701 0.467537 1 1 1
 0 958 18.2619  14.8443  7.82271 0.467506 1 1 1
 0 959 22.1654  14.2362  0.708696 0.46749 1 1 1
 0 960 17.9466  17.5083  1.71596 0.115606 1 1 0
 0 961 22.4807  11.5722  6.81545 0.115616 1 1 0
 0 962 24.5516  12.6615  2.54974 0.115601 1 1 0
 0 963 15.8757  16.419  5.98167 0.11561 1 1 0
 0 964 22.9553  16.3801  2.80885 0.117813 1 1 0
 0 965 17.472  12.7003  5.72256 0.117793 1 1 0
 0 966 19.5429  11.5334  1.45686 0.117796 1 1 0
 0 967 20.8844  17.5471  7.07455 0.117789 1 1 0
 0 968 13.4264  10.2407  12.2716 0.688558 1 1 4
 0 969 18.7175  18.8398  13.3227 0.688576 1 1 4
 0 970 20.7884  15.0874  9.05697 0.688578 1 1 4
 0 971 11.3555  13.993  16.5373 0.688597 1 1 4
 0 972 12.4476  18.2932  11.6799 -0.189726 1 1 3
 0 973 19.6962  10.7873  13.9143 -0.189706 1 1 3
 0 974 21.7671  13.4464  9.64861 -0.189705 1 1 3
 0 975 10.3768  15.6341  15.9456 -0.189705 1 1 3
 0 976 20.0896  17.9346  12.0378 -0.19279 1 1 3
 0 977 12.0543  11.1459  13.5564 -0.192839 1 1 3
 0 978 14.1251  13.0879  9.29073 -0.192842 1 1 3
 0 979 18.0187  15.9926  16.3035 -0.19284 1 1 3
 0 980 20.776  16.5539  10.447 -0.317825 1 1 3
 0 981 11.3679  12.5266  15.1472 -0.317856 1 1 3
 0 982 13.4388  11.7072  10.8815 -0.317783 1 1 3
 0 983 18.7051  17.3733  14.7127 -0.317845 1 1 3
 0 984 14.7881  10.4433  13.7553 -0.498914 1 1 2
 0 985 17.3557  18.6372  11.8389 -0.498913 1 1 2
 0 986 15.2849  15.29  16.1046 -0.498917 1 1 2
 0 987 16.859  13.7905  9.4896 -0.498914 1 1 2
 0 988 16.9239  10.0018  14.307 -0.504972 1 1 2
 0 989 15.22  19.0787  11.2872 -0.504996 1 1 2
 0 990 13.1492  14.8486  15.5529 -0.504964 1 1 2
 0 991 18.9947  14.2319  10.0413 -0.504947 1 1 2
 0 992 12.832  17.4524  10.7217 0.1511 1 1 1
 0 993 19.3118  11.6281  14.8725 0.151084 1 1 1
 0 994 21.3827  12.6056  10.6068 0.151075 1 1 1
 0 995 10.7612  16.4749  14.9874 0.15109 1 1 1
 0 996 19.7683  16.8883  11.286 0.163631 1 1 1
 0 997 12.3756  12.1922  14.3082 0.163688 1 1 1
 0 998 14.4465  12.0416  10.0425 0.163655 1 1 1
 0 999 17.6974  17.0389  15.5517 0.163692 1 1 1
 0 1000 15.9529  9.99755  13.5058 0.467519 1 1 1
 0 1001 16.191  19.083  12.0884 0.467537 1 1 1
 0 1002 14.1202  14.8443  16.3541 0.467506 1 1 1
 0 1003 18.0237  14.2362  9.2401 0.46749 1 1 1
 0 1004 13.8049  17.5083  10.2474 0.115606 1 1 0
 0 1005 18.339  11.5722  15.3469 0.115616 1 1 0
 0 1006 20.4099  12.6615  11.0812 0.115601 1 1 0
 0 1007 11.734  16.419  14.5131 0.11561 1 1 0
 0 1008 18.8136  16.3801  11.3403 0.117813 1 1 0
 0 1009 13.3303  12.7003  14.254 0.117793 1 1 0
 0 1010 15.4012  11.5334  9.98826 0.117796 1 1 0
 0 1011 16.7427  17.5471  15.606 0.117789 1 1 0
 0 1012 9.28466  10.2407  20.803 0.688558 1 1 4
 0 1013 14.5758  18.8398  21.8541 0.688576 1 1 4
 0 1014 16.6467  15.0874  17.5884 0.688578 1 1 4
 0 1015 7.21381  13.993  25.0687 0.688597 1 1 4
 0 1016 8.30594  18.2932  20.2113 -0.189726 1 1 3
 0 1017 15.5545  10.7873  22.4457 -0.189706 1 1 3
 0 1018 17.6254  13.4464  18.18 -0.189705 1 1 3
 0 1019 6.23509  15.6341  24.477 -0.189705 1 1 3
 0 1020 15.9479  17.9346  20.5692 -0.19279 1 1 3
 0 1021 7.91257  11.1459  22.0878 -0.192839 1 1 3
 0 1022 9.98343  13.0879  17.8221 -0.192842 1 1 3
 0 1023 13.877  15.9926  24.8349 -0.19284 1 1 3
 0 1024 16.6343  16.5539  18.9784 -0.317825 1 1 3
 0 1025 7.2262  12.5266  23.6786 -0.317856 1 1 3
 0 1026 9.29706  11.7072  19.4129 -0.317783 1 1 3
 0 1027 14.5634  17.3733  23.2441 -0.317845 1 1 3
 0 1028 10.6464  10.4433  22.2867 -0.498914 1 1 2
 0 1029 13.214  18.6372  20.3703 -0.498913 1 1 2
 0 1030 11.1432  15.29  24.636 -0.498917 1 1 2
 0 1031 12.7173  13.7905  18.021 -0.498914 1 1 2
 0 1032 12.7821  10.0018  22.8384 -0.504972 1 1 2
 0 1033 11.0783  19.0787  19.8186 -0.504996 1 1 2
 0 1034 9.00747  14.8486  24.0843 -0.504964 1 1 2
 0 1035 14.853  14.2319  18.5727 -0.504947 1 1 2
 0 1036 8.69033  17.4524  19.2531 0.1511 1 1 1
 0 1037 15.1701  11.6281  23.4039 0.151084 1 1 1
 0 1038 17.241  12.6056  19.1382 0.151075 1 1 1
 0 1039 6.61948  16.4749  23.5188 0.15109 1 1 1
 0 1040 15.6266  16.8883  19.8174 0.163631 1 1 1
 0 1041 8.23389  12.1922  22.8396 0.163688 1 1 1
 0 1042 10.3047  12.0416  18.5739 0.163655 1 1 1
 0 1043 13.5557  17.0389  24.0831 0.163692 1 1 1
 0 1044 11.8112  9.99755  22.0372 0.467519 1 1 1
 0 1045 12.0493  19.083  20.6198 0.467537 1 1 1
 0 1046 9.97844  14.8443  24.8855 0.467506 1 1 1
 0 1047 13.882  14.2362  17.7715 0.46749 1 1 1
 0 1048 9.66314  17.5083  18.7788 0.115606 1 1 0
 0 1049 14.1973  11.5722  23.8783 0.115616 1 1 0
 0 1050 16.2682  12.6615  19.6126 0.115601 1 1 0
 0 1051 7.59229  16.419  23.0445 0.11561 1 1 0
 0 1052 14.6719  16.3801  19.8717 0.117813 1 1 0
 0 1053 9.18859  12.7003  22.7854 0.117793 1 1 0
 0 1054 11.2594  11.5334  18.5197 0.117796 1 1 0
 0 1055 12.601  17.5471  24.1374 0.117789 1 1 0
 0 1056 17.5681  19.9342  3.74015 0.688558 1 1 4
 0 1057 22.8592  28.5333  4.79126 0.688576 1 1 4
 0 1058 24.9301  24.7809  0.525558 0.688578 1 1 4
 0 1059 15.4972  23.6865  8.00585 0.688597 1 1 4
 0 1060 16.5894  27.9867  3.1485 -0.189726 1 1 3
 0 1061 23.8379  20.4808  5.38291 -0.189706 1 1 3
 0 1062 25.9088  23.1399  1.1172 -0.189705 1 1 3
 0 1063 14.5185  25.3276  7.41421 -0.189705 1 1 3
 0 1064 24.2313  27.6281  3.50637 -0.19279 1 1 3
 0 1065 16.196  20.8394  5.02503 -0.192839 1 1 3
 0 1066 18.2668  22.7814  0.759327 -0.192842 1 1 3
 0 1067 22.1604  25.6861  7.77208 -0.19284 1 1 3
 0 1068 24.9177  26.2474  1.9156 -0.317825 1 1 3
 0 1069 15.5096  22.2201  6.61581 -0.317856 1 1 3
 0 1070 17.5805  21.4007  2.35011 -0.317783 1 1 3
 0 1071 22.8468  27.0668  6.1813 -0.317845 1 1 3
 0 1072 18.9298  20.1368  5.2239 -0.498914 1 1 2
 0 1073 21.4975  28.3307  3.30751 -0.498913 1 1 2
 0 1074 19.4266  24.9835  7.57321 -0.498917 1 1 2
 0 1075 21.0007  23.484  0.958189 -0.498914 1 1 2
 0 1076 21.0656  19.6953  5.77558 -0.504972 1 1 2
 0 1077 19.3617  28.7722  2.75582 -0.504996 1 1 2
 0 1078 17.2909  24.5421  7.02153 -0.504964 1 1 2
 0 1079 23.1364  23.9254  1.50988 -0.504947 1 1 2
 0 1080 16.9737  27.1459  2.19031 0.1511 1 1 1
 0 1081 23.4535  21.3216  6.3411 0.151084 1 1 1
 0 1082 25.5244  22.2991  2.0754 0.151075 1 1 1
 0 1083 14.9029  26.1684  6.45601 0.15109 1 1 1
 0 1084 23.91  26.5818  2.7546 0.163631 1 1 1
 0 1085 16.5173  21.8857  5.7768 0.163688 1 1 1
 0 1086 18.5882  21.7351  1.5111 0.163655 1 1 1
 0 1087 21.8391  26.7324  7.02031 0.163692 1 1 1
 0 1088 20.0946  19.691  4.9744 0.467519 1 1 1
 0 1089 20.3327  28.7764  3.55701 0.467537 1 1 1
 0 1090 18.2619  24.5378  7.82271 0.467506 1 1 1
 0 1091 22.1654  23.9297  0.708696 0.46749 1 1 1
 0 1092 17.9466  27.2018  1.71596 0.115606 1 1 0
 0 1093 22.4807  21.2657  6.81545 0.115616 1 1 0
 0 1094 24.5516  22.355  2.54974 0.115601 1 1 0
 0 1095 15.8757  26.1125  5.98167 0.11561 1 1 0
 0 1096 22.9553  26.0736  2.80885 0.117813 1 1 0
 0 1097 17.472  22.3938  5.72256 0.117793 1 1 0
 0 1098 19.5429  21.2269  1.45686 0.117796 1 1 0
 0 1099 20.8844  27.2406  7.07455 0.117789 1 1 0
 0 1100 13.4264  19.9342  12.2716 0.688558 1 1 4
 0 1101 18.7175  28.5333  13.3227 0.688576 1 1 4
 0 1102 20.7884  24.7809  9.05697 0.688578 1 1 4
 0 1103 11.3555  23.6865  16.5373 0.688597 1 1 4
 0 1104 12.4476  27.9867  11.6799 -0.189726 1 1 3
 0 1105 19.6962  20.4808  13.9143 -0.189706 1 1 3
 0 1106 21.7671  23.1399  9.64861 -0.189705 1 1 3
 0 1107 10.3768  25.3276  15.9456 -0.189705 1 1 3
 0 1108 20.0896  27.6281  12.0378 -0.19279 1 1 3
 0 1109 12.0543  20.8394  13.5564 -0.192839 1 1 3
 0 1110 14.1251  22.7814  9.29073 -0.192842 1 1 3
 0 1111 18.0187  25.6861  16.3035 -0.19284 1 1 3
 0 1112 20.776  26.2474  10.447 -0.317825 1 1 3
 0 1113 11.3679  22.2201  15.1472 -0.317856 1 1 3
 0 1114 13.4388  21.4007  10.8815 -0.317783 1 1 3
 0 1115 18.7051  27.0668  14.7127 -0.317845 1 1 3
 0 1116 14.7881  20.1368  13.7553 -0.498914 1 1 2
 0 1117 17.3557  28.3307  11.8389 -0.498913 1 1 2
 0 1118 15.2849  24.9835  16.1046 -0.498917 1 1 2
 0 1119 16.859  23.484  9.4896 -0.498914 1 1 2
 0 1120 16.9239  19.6953  14.307 -0.504972 1 1 2
 0 1121 15.22  28.7722  11.2872 -0.504996 1 1 2
 0 1122 13.1492  24.5421  15.5529 -0.504964 1 1 2
 0 1123 18.9947  23.9254  10.0413 -0.504947 1 1 2
 0 1124 12.832  27.1459  10.7217 0.1511 1 1 1
 0 1125 19.3118  21.3216  14.8725 0.151084 1 1 1
 0 1126 21.3827  22.2991  10.6068 0.151075 1 1 1
 0 1127 10.7612  26.1684  14.9874 0.15109 1 1 1
 0 1128 19.7683  26.5818  11.286 0.163631 1 1 1
 0 1129 12.3756  21.8857  14.3082 0.163688 1 1 1
 0 1130 14.4465  21.7351  10.0425 0.163655 1 1 1
 0 1131 17.6974  26.7324  15.5517 0.163692 1 1 1
 0 1132 15.9529  19.691  13.5058 0.467519 1 1 1
 0 1133 16.191  28.7764  12.0884 0.467537 1 1 1
 0 1134 14.1202  24.5378  16.3541 0.467506 1 1 1
 0 1135 18.0237  23.9297  9.2401 0.46749 1 1 1
 0 1136 13.8049  27.2018  10.2474 0.115606 1 1 0
 0 1137 18.339  21.2657  15.3469 0.115616 1 1 0
 0 1138 20.4099  22.355  11.0812 0.115601 1 1 0
 0 1139 11.734  26.1125  14.5131 0.11561 1 1 0
 0 1140 18.8136  26.0736  11.3403 0.117813 1 1 0
 0 1141 13.3303  22.3938  14.254 0.117793 1 1 0
 0 1142 15.4012  21.2269  9.98826 0.117796 1 1 0
 0 1143 16.7427  27.2406  15.606 0.117789 1 1 0
 0 1144 9.28466  19.9342  20.803 0.688558 1 1 4
 0 1145 14.5758  28.5333  21.8541 0.688576 1 1 4
 0 1146 16.6467  24.7809  17.5884 0.688578 1 1 4
 0 1147 7.21381  23.6865  25.0687 0.688597 1 1 4
 0 1148 8.30594  27.9867  20.2113 -0.189726 1 1 3
 0 1149 15.5545  20.4808  22.4457 -0.189706 1 1 3
 0 1150 17.6254  23.1399  18.18 -0.189705 1 1 3
 0 1151 6.23509  25.3276  24.477 -0.189705 1 1 3
 0 1152 15.9479  27.6281  20.5692 -0.19279 1 1 3
 0 1153 7.91257  20.8394  22.0878 -0.192839 1 1 3
 0 1154 9.98343  22.7814  17.8221 -0.192842 1 1 3
 0 1155 13.877  25.6861  24.8349 -0.19284 1 1 3
 0 1156 16.6343  26.2474  18.9784 -0.317825 1 1 3
 0 1157 7.2262  22.2201  23.6786 -0.317856 1 1 3
 0 1158 9.29706  21.4007  19.4129 -0.317783 1 1 3
 0 1159 14.5634  27.0668  23.2441 -0.317845 1 1 3
 0 1160 10.6464  20.1368  22.2867 -0.498914 1 1 2
 0 1161 13.214  28.3307  20.3703 -0.498913 1 1 2
 0 1162 11.1432  24.9835  24.636 -0.498917 1 1 2
 0 1163 12.7173  23.484  18.021 -0.498914 1 1 2
 0 1164 12.7821  19.6953  22.8384 -0.504972 1 1 2
 0 1165 11.0783  28.7722  19.8186 -0.504996 1 1 2
 0 1166 9.00747  24.5421  24.0843 -0.504964 1 1 2
 0 1167 14.853  23.9254  18.5727 -0.504947 1 1 2
 0 1168 8.69033  27.1459  19.2531 0.1511 1 1 1
 0 1169 15.1701  21.3216  23.4039 0.151084 1 1 1
 0 1170 17.241  22.2991  19.1382 0.151075 1 1 1
 0 1171 6.61948  26.1684  23.5188 0.15109 1 1 1
 0 1172 15.6266  26.5818  19.8174 0.163631 1 1 1
 0 1173 8.23389  21.8857  22.8396 0.163688 1 1 1
 0 1174 10.3047  21.7351  18.5739 0.163655 1 1 1
 0 1175 13.5557  26.7324  24.0831 0.163692 1 1 1
 0 1176 11.8112  19.691  22.0372 0.467519 1 1 1
 0 1177 12.0493  28.7764  20.6198 0.467537 1 1 1
 0 1178 9.97844  24.5378  24.8855 0.467506 1 1 1
 0 1179 13.882  23.9297  17.7715 0.46749 1 1 1
 0 1180 9.66314  27.2018  18.7788 0.115606 1 1 0
 0 1181 14.1973  21.2657  23.8783 0.115616 1 1 0
 0 1182 16.2682  22.355  19.6126 0.115601 1 1 0
 0 1183 7.59229  26.1125  23.0445 0.11561 1 1 0
 0 1184 14.6719  26.0736  19.8717 0.117813 1 1 0
 0 1185 9.18859  22.3938  22.7854 0.117793 1 1 0
 0 1186 11.2594  21.2269  18.5197 0.117796 1 1 0
 0 1187 12.601  27.2406  24.1374 0.117789 1 1 0
