Cell info:
========================================================================
number-of-unit-cells: 1 1 1
unit-cell-vector-a: 26.7414 0 0
unit-cell-vector-b: 1.78067e-15 29.0805 0
unit-cell-vector-c: -12.4251 2.50293e-15 25.5942

cell-vector-a: 26.7414 0 0
cell-vector-b: 1.78067e-15 29.0805 0
cell-vector-c: -12.4251 2.50293e-15 25.5942

cell-lengths: 26.7414 29.0805 25.5942 
cell-angles: 90 90 90 


Maximum changes for MC-moves:
========================================================================
Maximum-volume-change: 0.006250
Maximum-Gibbs-volume-change: 0.025000
Maximum-box-shape-change: 0.100000 0.100000 0.100000, 0.100000 0.100000 0.100000, 0.100000 0.100000 0.100000


Acceptance targets for MC-moves:
========================================================================
Target-volume-change: 0.500000
Target-box-shape-change: 0.500000
Target-Gibbs-volume-change: 0.500000


Components: 1 (Adsorbates 88, Cations 0)
========================================================================
Components 0 (TIP4P) 

Maximum-translation-change component 0: 1.60111 1.74116 1.53242
Maximum-translation-in-plane-change component 0: 0.000000,0.000000,0.000000
Maximum-rotation-change component 0: 0.423271 0.423271 0.423271

Reactions: 0

Component: 0   Adsorbate 88 molecules of TIP4P
------------------------------------------------------------------------
Adsorbate-atom-position: 0 0 2.57270438228174  16.6361254709681  1.51995526910273
Adsorbate-atom-position: 0 1 2.63168107803618  17.5623954917138  1.75399863899734
Adsorbate-atom-position: 0 2 1.88596119304903  16.6000854301282  0.854135111813431
Adsorbate-atom-position: 0 3 2.50573629900775  16.7310913431754  1.47389498813854
Adsorbate-atom-position: 1 0 22.2938998858671  19.7293775097143  16.9256243312999
Adsorbate-atom-position: 1 1 21.8466028132755  18.940490738085  17.2319145390528
Adsorbate-atom-position: 1 2 22.9676682984626  19.4062769062112  16.3273988716625
Adsorbate-atom-position: 1 3 22.318059492559  19.610755222669  16.8944818046741
Adsorbate-atom-position: 2 0 14.1439048438236  19.7839873957882  17.4372327435094
Adsorbate-atom-position: 2 1 14.2834312562349  18.8965271867887  17.7676528679697
Adsorbate-atom-position: 2 2 14.0520894481079  19.6759439297983  16.4905923065322
Adsorbate-atom-position: 2 3 14.1489947091068  19.6777912809013  17.3714963837203
Adsorbate-atom-position: 3 0 18.0230506046113  12.968047595444  12.924273608221
Adsorbate-atom-position: 3 1 17.1175198918073  12.6582073022586  12.9086588122441
Adsorbate-atom-position: 3 2 18.1801177951201  13.2950476318304  12.0384787966405
Adsorbate-atom-position: 3 3 17.9432079028807  12.9698780333563  12.8281144535793
Adsorbate-atom-position: 4 0 24.0470822265602  9.69620624740391  16.7805334169979
Adsorbate-atom-position: 4 1 24.1338441075582  10.3638020411308  16.1000784712668
Adsorbate-atom-position: 4 2 23.944836082527  10.1928821530014  17.5923772105833
Adsorbate-atom-position: 4 3 24.0454306841299  9.8204060856056  16.7945499480335
Adsorbate-atom-position: 5 0 18.2492395580971  24.2220390941605  20.8703540117556
Adsorbate-atom-position: 5 1 18.0974396232252  24.3718691927484  21.8034876690074
Adsorbate-atom-position: 5 2 18.6347303754516  25.0396934014855  20.5556003973171
Adsorbate-atom-position: 5 3 18.2741686476827  24.3252468084387  20.9363199025621
Adsorbate-atom-position: 6 0 19.7527774204529  4.87473556629578  4.23012196888377
Adsorbate-atom-position: 6 1 20.0404650245756  5.25126538034263  5.06180210122669
Adsorbate-atom-position: 6 2 20.5392708726177  4.86873968471342  3.68457300365705
Adsorbate-atom-position: 6 3 19.8673668765073  4.91426283195576  4.26064478616174
Adsorbate-atom-position: 7 0 26.1942026788033  14.5939382138013  12.921123546228
Adsorbate-atom-position: 7 1 25.3489709886729  14.9067151393425  12.5986569808072
Adsorbate-atom-position: 7 2 26.65057119907  14.2856297134208  12.138240913481
Adsorbate-atom-position: 7 3 26.1527205664891  14.5944144115468  12.8032091784111
Adsorbate-atom-position: 8 0 18.1716256147815  18.4256025802496  8.24061021725175
Adsorbate-atom-position: 8 1 18.339314723428  19.0984478501713  7.58076909504785
Adsorbate-atom-position: 8 2 18.0881016777153  18.910306974892  9.06177827319728
Adsorbate-atom-position: 8 3 18.1806042575889  18.549085304043  8.25782043055389
Adsorbate-atom-position: 9 0 10.6264942855675  6.44513468218621  21.3768750254905
Adsorbate-atom-position: 9 1 9.94346787104345  5.82263743390081  21.1274701460165
Adsorbate-atom-position: 9 2 10.8177739882295  6.23780548578114  22.2915652758057
Adsorbate-atom-position: 9 3 10.57403673713  6.35661241753932  21.4478454758041
Adsorbate-atom-position: 10 0 12.6441797141733  8.39734731281839  0.157090168433477
Adsorbate-atom-position: 10 1 13.4015745078583  8.97643940418587  0.0720244457208336
Adsorbate-atom-position: 10 2 12.5586440278553  8.2509211038361  1.09914886407997
Adsorbate-atom-position: 10 3 12.71585091706  8.44350192323384  0.248511069534797
Adsorbate-atom-position: 11 0 18.8619778808673  1.58306882122949  8.54481428397429
Adsorbate-atom-position: 11 1 17.9985183493495  1.41191211203605  8.9208112511099
Adsorbate-atom-position: 11 2 18.9603539796682  0.922511962840534  7.85908959113173
Adsorbate-atom-position: 11 3 18.7803622333843  1.49434456873301  8.51177364764751
Adsorbate-atom-position: 12 0 19.6752107465248  16.1724047182299  21.7873217996196
Adsorbate-atom-position: 12 1 18.874034013483  15.6846321918881  21.5964697471165
Adsorbate-atom-position: 12 2 19.7852946493958  16.091834442667  22.7347507095534
Adsorbate-atom-position: 12 3 19.6014878067737  16.1117765472555  21.8680308052061
Adsorbate-atom-position: 13 0 11.9493762201625  8.46987516687681  17.2181328800676
Adsorbate-atom-position: 13 1 12.6437106063168  9.02169589878463  16.8580990747013
Adsorbate-atom-position: 13 2 12.0174923922784  8.58618068761745  18.1657956825957
Adsorbate-atom-position: 13 3 12.0307114366006  8.54114785216493  17.2808192218239
Adsorbate-atom-position: 14 0 9.58809486459327  14.7339650828391  20.7912331783139
Adsorbate-atom-position: 14 1 9.57479815667356  14.6011183192169  21.7390758002293
Adsorbate-atom-position: 14 2 10.4534001883387  15.1021723339542  20.6126227327119
Adsorbate-atom-position: 14 3 9.67898391519881  14.7590728498877  20.8732915176698
Adsorbate-atom-position: 15 0 22.3937136992805  1.17393086277977  0.456485441568108
Adsorbate-atom-position: 15 1 23.0856287648365  1.83517702368248  0.441066047480367
Adsorbate-atom-position: 15 2 22.81236078059  0.380675089435026  0.122252777514625
Adsorbate-atom-position: 15 3 22.5121839014585  1.15984824251341  0.419185554888208
Adsorbate-atom-position: 16 0 7.16097429073972  19.0587052126343  8.21275321622337
Adsorbate-atom-position: 16 1 6.30910818482012  18.7396977926406  7.9147782096535
Adsorbate-atom-position: 16 2 7.28625285462209  18.6460520960444  9.06730237288681
Adsorbate-atom-position: 16 3 7.08346496494541  18.9806547851848  8.27212682765008
Adsorbate-atom-position: 17 0 1.30191546246262  19.8557026142621  8.01427297135804
Adsorbate-atom-position: 17 1 0.496780803065781  20.0092804485734  8.50864401623445
Adsorbate-atom-position: 17 2 1.20151673869868  20.3835684444278  7.22211810268394
Adsorbate-atom-position: 17 3 1.20531682615582  19.9283961905687  7.9825060393151
Adsorbate-atom-position: 18 0 7.91632836885447  8.97935462699692  25.4719711339133
Adsorbate-atom-position: 18 1 8.83593282761266  9.24387551036697  25.4477421706836
Adsorbate-atom-position: 18 2 7.67481355824446  9.03524191719253  26.3965136053037
Adsorbate-atom-position: 18 3 7.98866402265412  9.01353413643466  25.5680133374906
Adsorbate-atom-position: 19 0 8.59636338278401  28.1782802065336  8.96628627627061
Adsorbate-atom-position: 19 1 8.3658496555137  28.2550745606765  9.89213548088102
Adsorbate-atom-position: 19 2 7.79010418420003  27.8851121400216  8.54175104353919
Adsorbate-atom-position: 19 3 8.48576446833673  28.1551979034263  9.01976410298732
Adsorbate-atom-position: 20 0 14.4666189213065  19.6146519155108  0.493231735785804
Adsorbate-atom-position: 20 1 13.9389099998009  20.0410280071731  1.16847793058304
Adsorbate-atom-position: 20 2 14.0790910542672  19.9042828522664  -0.332702672685017
Adsorbate-atom-position: 20 3 14.3689849350436  19.6910324168546  0.477156466429365
Adsorbate-atom-position: 21 0 10.5540557684768  18.5251814104934  24.4468338331169
Adsorbate-atom-position: 21 1 10.9602491094664  19.3830929888328  24.3234426079313
Adsorbate-atom-position: 21 2 10.7665618616655  18.2865807152811  25.3491322554562
Adsorbate-atom-position: 21 3 10.6200563793891  18.5912465699563  24.5299247749117
Adsorbate-atom-position: 22 0 6.30036170236703  10.963193752247  17.2669847826136
Adsorbate-atom-position: 22 1 5.42590150520531  10.5904253985084  17.1547625967639
Adsorbate-atom-position: 22 2 6.75544783825931  10.7577214832039  16.4503396149141
Adsorbate-atom-position: 22 3 6.25562504101394  10.9015091116741  17.1678968075996
Adsorbate-atom-position: 23 0 2.14567355164122  28.6519029792792  -0.184123675482631
Adsorbate-atom-position: 23 1 3.1004467228684  28.6741863701289  -0.119762639420289
Adsorbate-atom-position: 23 2 1.84349323164002  28.6676582197532  0.723989974318748
Adsorbate-atom-position: 23 3 2.21528919834418  28.65596047105  -0.0803836685486699
Adsorbate-atom-position: 24 0 11.9832752891039  14.8448375671903  3.80490345561323
Adsorbate-atom-position: 24 1 11.5036440404484  14.0718879745003  4.10278513252466
Adsorbate-atom-position: 24 2 12.716768095841  14.4925997171048  3.30077214951713
Adsorbate-atom-position: 24 3 12.0103567761813  14.7248071492089  3.78290158385443
Adsorbate-atom-position: 25 0 18.6382448800051  24.962228768106  4.17296766317605
Adsorbate-atom-position: 25 1 18.6315315955469  24.9032726337619  5.12832613359487
Adsorbate-atom-position: 25 2 17.7660329677802  25.2848735918684  3.94629990581638
Adsorbate-atom-position: 25 3 18.5444842576592  24.9903578491015  4.2507011247204
Adsorbate-atom-position: 26 0 22.099339242045  23.0866197918265  3.61428322956723
Adsorbate-atom-position: 26 1 21.1433363509154  23.1084474911178  3.65685933391625
Adsorbate-atom-position: 26 2 22.3131816930575  23.5298293120239  2.79326660263124
Adsorbate-atom-position: 26 3 22.0201688474516  23.1362279689865  3.53124186684484
Adsorbate-atom-position: 27 0 4.48042449218999  14.7959560427007  21.2121475591439
Adsorbate-atom-position: 27 1 4.78188118686676  14.2957357869458  20.4537714928463
Adsorbate-atom-position: 27 2 3.53397096680031  14.8701729963612  21.0898808734899
Adsorbate-atom-position: 27 3 4.41161845273444  14.7505121416948  21.1182041115821
Adsorbate-atom-position: 28 0 13.1764733100877  2.98625687432268  20.5932816408217
Adsorbate-atom-position: 28 1 14.0429731515096  3.26136810942661  20.2937444409592
Adsorbate-atom-position: 28 2 12.5794613545498  3.64464634897068  20.2378500736086
Adsorbate-atom-position: 28 3 13.2052208040113  3.08583931930749  20.5234124144916
Adsorbate-atom-position: 29 0 5.76891827813216  0.373488570554389  17.6830628313078
Adsorbate-atom-position: 29 1 5.86918158564178  1.18479165823864  17.1851017183208
Adsorbate-atom-position: 29 2 5.23439165596603  0.619744065332087  18.4379609011433
Adsorbate-atom-position: 29 3 5.72259286029809  0.48630462600071  17.7104723887656
Adsorbate-atom-position: 30 0 22.7831732573239  3.23289027903544  20.5914515952721
Adsorbate-atom-position: 30 1 22.2182911655228  3.86380248849463  21.0376451712946
Adsorbate-atom-position: 30 2 23.212559031631  3.74032879656568  19.902709566568
Adsorbate-atom-position: 30 3 22.7687191107958  3.35432491471952  20.5655769465127
Adsorbate-atom-position: 31 0 3.65134725723441  3.04092422973297  4.47940391556182
Adsorbate-atom-position: 31 1 2.98507976280297  3.22605241643079  5.14125426218108
Adsorbate-atom-position: 31 2 3.38911473319657  3.56416421777788  3.72198356159614
Adsorbate-atom-position: 31 3 3.5522985035609  3.1164899984646  4.4692083510497
Adsorbate-atom-position: 32 0 7.67445378888423  15.5857795278803  13.2530339912784
Adsorbate-atom-position: 32 1 7.40591507420506  14.7716842095279  12.8271625642947
Adsorbate-atom-position: 32 2 7.1363911196673  15.6320119463012  14.0433394397198
Adsorbate-atom-position: 32 3 7.58840844637175  15.503867374279  13.2919105737969
Adsorbate-atom-position: 33 0 9.13625269014905  4.7707566924175  12.9578165136948
Adsorbate-atom-position: 33 1 8.19652042759129  4.94492842598441  13.0107143671519
Adsorbate-atom-position: 33 2 9.29888297109549  4.61169893641983  12.0280404135877
Adsorbate-atom-position: 33 3 9.05335480836865  4.77236858215741  12.8642743651638
Adsorbate-atom-position: 34 0 22.8389890074221  28.0466207328559  16.8246741129171
Adsorbate-atom-position: 34 1 23.3603251590108  28.8079395020022  16.5700507641091
Adsorbate-atom-position: 34 2 22.7140828971399  28.1460713239569  17.7684641414181
Adsorbate-atom-position: 34 3 22.8812786638379  28.1384438324651  16.8981920963116
Adsorbate-atom-position: 35 0 18.4705103120626  9.16448581000569  8.68946485604513
Adsorbate-atom-position: 35 1 18.2796303332291  9.82355555411587  8.02206497063529
Adsorbate-atom-position: 35 2 17.9760196021327  9.45049095390607  9.45752186552397
Adsorbate-atom-position: 35 3 18.3973978411218  9.26530271086225  8.70020308860979
Adsorbate-atom-position: 36 0 14.6979054287012  15.389190555554  12.212919647761
Adsorbate-atom-position: 36 1 14.1695689053379  14.725298639814  12.6560209265467
Adsorbate-atom-position: 36 2 15.1696949859885  15.8309704188216  12.9189485001459
Adsorbate-atom-position: 36 3 14.6918732865535  15.3654970633539  12.3355044030631
Adsorbate-atom-position: 37 0 24.6547861308127  9.31870427377057  8.17202659238421
Adsorbate-atom-position: 37 1 25.5166074945431  8.90649282616869  8.23182927166989
Adsorbate-atom-position: 37 2 24.3721911656074  9.41706013596107  9.08125581780945
Adsorbate-atom-position: 37 3 24.7165752262101  9.28522327188077  8.2753993196696
Adsorbate-atom-position: 38 0 18.2522503614544  6.91106596676137  22.141418011413
Adsorbate-atom-position: 38 1 18.5509013472238  6.38287781660736  22.8817257634336
Adsorbate-atom-position: 38 2 18.8127611667209  6.64256058702725  21.4134316979515
Adsorbate-atom-position: 38 3 18.3439026231218  6.82607816303348  22.1427320482276
Adsorbate-atom-position: 39 0 17.0044180660213  23.5407794581797  13.8033944290361
Adsorbate-atom-position: 39 1 16.5833972232601  23.1447582759738  13.0404138433258
Adsorbate-atom-position: 39 2 16.3134163494249  24.0578397642847  14.2173954457806
Adsorbate-atom-position: 39 3 16.8857919081391  23.5536919579429  13.7661668510867
Adsorbate-atom-position: 40 0 3.70272605726374  18.4826348070301  17.4896748207745
Adsorbate-atom-position: 40 1 4.35362347468484  18.2836354086356  18.1626997032263
Adsorbate-atom-position: 40 2 2.94448995080989  18.804917755571  17.9769563434116
Adsorbate-atom-position: 40 3 3.69127505456202  18.4957860690075  17.6134516739803
Adsorbate-atom-position: 41 0 9.76965916878272  10.8009045614443  8.51078175370201
Adsorbate-atom-position: 41 1 10.679816400056  10.8774437988477  8.22444932371084
Adsorbate-atom-position: 41 2 9.26860581358974  10.7213159271634  7.69909045838268
Adsorbate-atom-position: 41 3 9.81330029305085  10.8005795319733  8.39364876444426
Adsorbate-atom-position: 42 0 26.6118982703877  28.3002495676415  25.359463115696
Adsorbate-atom-position: 42 1 26.2359350420892  28.5936250552588  26.1894108099507
Adsorbate-atom-position: 42 2 26.6439931390018  29.0891691587163  24.8183463329393
Adsorbate-atom-position: 42 3 26.5752155891553  28.4157046029009  25.3902739299475
Adsorbate-atom-position: 43 0 1.65806575283793  1.45912867427492  9.42130418935513
Adsorbate-atom-position: 43 1 0.98322643447735  1.98833250281533  8.99613845317829
Adsorbate-atom-position: 43 2 1.7788146752587  0.710124287470755  8.83765729213358
Adsorbate-atom-position: 43 3 1.59895760135088  1.43568067767613  9.3136881662578
Adsorbate-atom-position: 44 0 23.9456299518037  3.92168714340752  12.6468407290081
Adsorbate-atom-position: 44 1 24.8115695844925  3.68046023180228  12.9757614346837
Adsorbate-atom-position: 44 2 23.6999951012058  4.69161412979052  13.1597808133892
Adsorbate-atom-position: 44 3 24.0118011375549  3.97808688897594  12.7366473736403
Adsorbate-atom-position: 45 0 16.5328382076415  26.736982674218  9.55344426728548
Adsorbate-atom-position: 45 1 15.8845783720795  26.5735123169096  10.2384751635555
Adsorbate-atom-position: 45 2 17.1695579533214  27.3242537668944  9.96079203458278
Adsorbate-atom-position: 45 3 16.5316073763723  26.7821925332411  9.66997471071339
Adsorbate-atom-position: 46 0 21.3633681636495  17.1265747861868  18.3266069478202
Adsorbate-atom-position: 46 1 21.8157404674951  17.632786288821  19.0013957401695
Adsorbate-atom-position: 46 2 20.6527594881499  16.6862738679622  18.7928708066696
Adsorbate-atom-position: 46 3 21.3358203710441  17.1336053341728  18.4483299163248
Adsorbate-atom-position: 47 0 6.4410608888926  20.4034779328138  17.7754736003658
Adsorbate-atom-position: 47 1 7.03052906645685  20.1437362503276  17.0674536663355
Adsorbate-atom-position: 47 2 5.56337707979905  20.2914017952799  17.4103138476486
Adsorbate-atom-position: 47 3 6.41031475108548  20.3638142249429  17.6609910434767
Adsorbate-atom-position: 48 0 3.45834060563947  4.44136429776217  21.334387922861
Adsorbate-atom-position: 48 1 3.01298129616036  3.8072966936367  20.772387869636
Adsorbate-atom-position: 48 2 2.79228638448029  4.71096463329345  21.9667794217851
Adsorbate-atom-position: 48 3 3.3397792599072  4.40248488087912  21.3418971694934
Adsorbate-atom-position: 49 0 21.0806744516549  20.6817653286744  25.4091438657947
Adsorbate-atom-position: 49 1 20.4501539265376  21.4008257144695  25.4494766062415
Adsorbate-atom-position: 49 2 21.0695504463899  20.4039196890742  24.4932237647946
Adsorbate-atom-position: 49 3 21.012226311873  20.7288318620275  25.315739454001
Adsorbate-atom-position: 50 0 9.7087007220432  23.6414676418165  12.8610933405621
Adsorbate-atom-position: 50 1 9.47040885341851  23.770285632636  11.9430227487476
Adsorbate-atom-position: 50 2 9.31545898694499  24.3851594537326  13.3177277687646
Adsorbate-atom-position: 50 3 9.64133143864019  23.7345438823292  12.8118695287452
Adsorbate-atom-position: 51 0 12.8308488060823  4.43099594195437  4.83190477511402
Adsorbate-atom-position: 51 1 11.8784666090961  4.38410981387371  4.91557402169426
Adsorbate-atom-position: 51 2 13.0106899355034  4.10424231795711  3.9503602148522
Adsorbate-atom-position: 51 3 12.7484375529084  4.3911371553233  4.74679042248995
Adsorbate-atom-position: 52 0 19.3708952172535  16.0885196128158  2.42619208563494
Adsorbate-atom-position: 52 1 19.71471170546  15.2333152920716  2.16803226462503
Adsorbate-atom-position: 52 2 20.023686570725  16.7143043799449  2.11236339284842
Adsorbate-atom-position: 52 3 19.4772096382235  16.0640464688876  2.36517487770081
Adsorbate-atom-position: 53 0 13.5035960776954  27.0773753044252  17.6873603217298
Adsorbate-atom-position: 53 1 13.2562490365043  27.7669250736132  18.3034538681924
Adsorbate-atom-position: 53 2 13.6060334018413  27.5293109618301  16.8498089319382
Adsorbate-atom-position: 53 3 13.4881374831119  27.1991443221182  17.6637355735285
Adsorbate-atom-position: 54 0 26.3927699932348  23.0314320058278  13.9033180624571
Adsorbate-atom-position: 54 1 25.6649747206596  22.9855766552848  13.2832841690208
Adsorbate-atom-position: 54 2 26.1776017901127  23.7709595331716  14.471678207981
Adsorbate-atom-position: 54 3 26.2921786962897  23.1054306362462  13.8978058742254
Adsorbate-atom-position: 55 0 20.2544687698655  6.34461301233922  20.0900150505729
Adsorbate-atom-position: 55 1 20.2300497767738  7.08486493017186  19.4836640697974
Adsorbate-atom-position: 55 2 20.0512447556239  5.58290143382083  19.5471273591113
Adsorbate-atom-position: 55 3 20.230184353721  6.34232336740896  19.9674189038039
Adsorbate-atom-position: 56 0 21.0204531182426  27.9411938634415  0.474177316041921
Adsorbate-atom-position: 56 1 20.6454338504135  28.0683250301764  1.34562950415529
Adsorbate-atom-position: 56 2 20.8941422160955  28.7815459704975  0.0336259949460482
Adsorbate-atom-position: 56 3 20.9669729961929  28.0444012608605  0.520143610296902
Adsorbate-atom-position: 57 0 23.7866477677176  24.4005927423446  12.8909138649913
Adsorbate-atom-position: 57 1 23.3133815101403  24.7339601909987  13.6532234442192
Adsorbate-atom-position: 57 2 23.3146223955194  24.7595658998347  12.1395405259934
Adsorbate-atom-position: 57 3 23.6858076166769  24.4744486461039  12.8920800390699
Adsorbate-atom-position: 58 0 4.09829305635005  12.7208872817672  3.57259712653372
Adsorbate-atom-position: 58 1 4.72867239634691  13.2808895795842  3.11955185825375
Adsorbate-atom-position: 58 2 4.18503735024681  12.9596492523215  4.4954729162516
Adsorbate-atom-position: 58 3 4.17479302254265  12.8060959691538  3.62271723537617
Adsorbate-atom-position: 59 0 16.2052717996405  2.25752530880179  16.2550699104634
Adsorbate-atom-position: 59 1 15.9360089987125  1.89501879061643  15.4110810069371
Adsorbate-atom-position: 59 2 15.9400748387651  3.17647278576004  16.2171531478309
Adsorbate-atom-position: 59 3 16.1482580338987  2.31688468722233  16.1609918298417
Adsorbate-atom-position: 60 0 10.9989211670625  25.2125061362945  4.24267695516934
Adsorbate-atom-position: 60 1 10.4921156556541  24.6294345081293  4.80783741999413
Adsorbate-atom-position: 60 2 10.9755660490349  24.793096639117  3.38257127184127
Adsorbate-atom-position: 60 3 10.9423661420579  25.1055653123034  4.21121300985345
Adsorbate-atom-position: 61 0 5.69695834773375  25.085016838197  12.5828159247599
Adsorbate-atom-position: 61 1 5.26839526092021  24.7528405803867  13.3716272553923
Adsorbate-atom-position: 61 2 4.98365062402462  25.2108416495127  11.9570429767122
Adsorbate-atom-position: 61 3 5.57514804871856  25.0630039250429  12.6002076829314
Adsorbate-atom-position: 62 0 10.8504117941605  24.9809605164596  21.3407131466576
Adsorbate-atom-position: 62 1 9.91076534732551  24.8098046746872  21.2774602119938
Adsorbate-atom-position: 62 2 10.9555864918634  25.4371421807048  22.1756192171371
Adsorbate-atom-position: 62 3 10.7613939297413  25.0113664083784  21.42303016856
Adsorbate-atom-position: 63 0 5.12237448685222  11.1817308383297  1.08575267612733
Adsorbate-atom-position: 63 1 4.59911311025406  11.7062495683909  1.69181235515375
Adsorbate-atom-position: 63 2 5.06492122558464  10.2899934005529  1.42887807476604
Adsorbate-atom-position: 63 3 5.06042654882261  11.1425570270051  1.18700807610278
Adsorbate-atom-position: 64 0 17.6940644172596  4.60079557120286  12.7468341556348
Adsorbate-atom-position: 64 1 17.979976196207  4.44756191338919  11.8462762165003
Adsorbate-atom-position: 64 2 17.8508862375785  3.76873619267653  13.193282004361
Adsorbate-atom-position: 64 3 17.7412931517333  4.49568811488679  12.6983918207326
Adsorbate-atom-position: 65 0 13.3277127914535  21.6220666390266  20.903256186195
Adsorbate-atom-position: 65 1 14.1264851486801  21.9085429912463  20.4603964771273
Adsorbate-atom-position: 65 2 12.8103195667304  22.42086866422  21.0054870519431
Adsorbate-atom-position: 65 3 13.3577289421552  21.7378400416659  20.8669196965134
Adsorbate-atom-position: 66 0 2.68003561978023  10.1351485115138  25.342164324398
Adsorbate-atom-position: 66 1 3.59696729226509  10.304294908075  25.5586279598902
Adsorbate-atom-position: 66 2 2.6706801495863  10.0475459751259  24.389027479475
Adsorbate-atom-position: 66 3 2.77685192166348  10.1438475213954  25.2635785657599
Adsorbate-atom-position: 67 0 4.03377555943922  9.63255871458233  17.056150002051
Adsorbate-atom-position: 67 1 4.10147698718916  9.4944817177342  18.0009155605829
Adsorbate-atom-position: 67 2 3.15091908954102  9.33749082652595  16.8331455865099
Adsorbate-atom-position: 67 3 3.9468178746963  9.58635219525094  17.1331442172846
Adsorbate-atom-position: 68 0 2.02396836699211  16.6048171720611  21.8556135468218
Adsorbate-atom-position: 68 1 1.76182288556043  17.4242903994  22.2751061894339
Adsorbate-atom-position: 68 2 1.95211697277664  15.9473126391342  22.5475360429757
Adsorbate-atom-position: 68 3 1.98833926260392  16.6220949592666  21.9741750731859
Adsorbate-atom-position: 69 0 19.4431874685137  0.319913610096864  25.370634116567
Adsorbate-atom-position: 69 1 19.6717489314941  0.189815781719087  24.4502728213912
Adsorbate-atom-position: 69 2 19.6218563622864  1.24604746969546  25.5336834184884
Adsorbate-atom-position: 69 3 19.4866294706959  0.404831824913829  25.2898474853543
Adsorbate-atom-position: 70 0 9.8763008175743  20.7660137931754  8.49898473679177
Adsorbate-atom-position: 70 1 9.89946386678429  19.9861732060765  7.94441929175338
Adsorbate-atom-position: 70 2 9.00484698912532  20.7532514799058  8.89475856436964
Adsorbate-atom-position: 70 3 9.78580813723433  20.6814624579808  8.4820455199946
Adsorbate-atom-position: 71 0 26.5675708391042  17.7115693775632  6.07146012229704
Adsorbate-atom-position: 71 1 27.2760181464479  18.1001813635092  6.58460127058135
Adsorbate-atom-position: 71 2 26.8257444425601  16.7965707774129  5.9603047060746
Adsorbate-atom-position: 71 3 26.6706861430301  17.6554162225798  6.11434191127181
Adsorbate-atom-position: 72 0 1.9096874541188  25.3577028730639  21.0631933679016
Adsorbate-atom-position: 72 1 1.76594471929244  25.0369953745817  21.953539046595
Adsorbate-atom-position: 72 2 2.84193248949841  25.572757789946  21.0331575378172
Adsorbate-atom-position: 72 3 1.99380201346076  25.3464327308704  21.1549676308823
Adsorbate-atom-position: 73 0 26.6327249058117  5.22677088944522  3.73450814047553
Adsorbate-atom-position: 73 1 26.4642989390933  5.50766051584512  4.63393263006978
Adsorbate-atom-position: 73 2 26.4076715292155  5.98777962004325  3.19929952321475
Adsorbate-atom-position: 73 3 26.5907497738342  5.33791651655542  3.7733607904977
Adsorbate-atom-position: 74 0 11.1793970102223  0.253288278689233  9.16073959856843
Adsorbate-atom-position: 74 1 10.4120072514445  -0.314476031481882  9.09011844603689
Adsorbate-atom-position: 74 2 11.3074339028175  0.594904393741396  8.27578956697048
Adsorbate-atom-position: 74 3 11.1111938386542  0.229163713878238  9.05880273916645
Adsorbate-atom-position: 75 0 26.2561051905653  27.7235403476521  8.6227971193221
Adsorbate-atom-position: 75 1 26.0849017414176  27.8610808211669  9.55446374323394
Adsorbate-atom-position: 75 2 25.558462084992  27.1347507699624  8.33495600897807
Adsorbate-atom-position: 75 3 26.1634201071356  27.6754024131536  8.69147757590063
Adsorbate-atom-position: 76 0 3.53403396661784  23.6783371803979  4.31167226527072
Adsorbate-atom-position: 76 1 2.78898225548433  24.261110873515  4.45831288486041
Adsorbate-atom-position: 76 2 3.63213430085094  23.6490523889716  3.35996311864635
Adsorbate-atom-position: 76 3 3.46501981559307  23.737380749923  4.22579040222584
Adsorbate-atom-position: 77 0 11.9212675715834  10.7048392281239  25.4047087092446
Adsorbate-atom-position: 77 1 12.4754269432966  10.0937390581698  25.8901926677752
Adsorbate-atom-position: 77 2 12.3481082744097  10.7905829087073  24.5522495547951
Adsorbate-atom-position: 77 3 12.0259169039634  10.6487967330075  25.3655609568499
Adsorbate-atom-position: 78 0 14.845629463117  10.7246473510088  17.1772770233577
Adsorbate-atom-position: 78 1 15.6553392989624  10.4806174208246  17.6256631023963
Adsorbate-atom-position: 78 2 15.0668125767289  10.6899008139319  16.2466308592502
Adsorbate-atom-position: 78 3 14.9556009461008  10.6949089501675  17.125831022641
Adsorbate-atom-position: 79 0 14.1781579599974  13.4219348170901  20.9405555059729
Adsorbate-atom-position: 79 1 13.6002708626948  13.0047772026926  20.3016057986505
Adsorbate-atom-position: 79 2 14.8928167997458  13.7844531028836  20.4170339595312
Adsorbate-atom-position: 79 3 14.1927487776702  13.4161060738811  20.8165477467954
Adsorbate-atom-position: 80 0 23.3094447809146  22.8324509936189  21.2048136066
Adsorbate-atom-position: 80 1 23.1453829428129  23.2156315794185  20.3431367223151
Adsorbate-atom-position: 80 2 23.320063489868  23.5804354110417  21.8020054758237
Adsorbate-atom-position: 80 3 23.2930764407341  22.9531193342059  21.1765997879343
Adsorbate-atom-position: 81 0 15.5327330146577  6.29825785693286  13.0123157945632
Adsorbate-atom-position: 81 1 15.658264109932  6.41670860852842  12.0708052717693
Adsorbate-atom-position: 81 2 16.2699147790512  5.75242269559218  13.2859187865861
Adsorbate-atom-position: 81 3 15.6247638153041  6.25266572172549  12.9410663771366
Adsorbate-atom-position: 82 0 22.9505632730464  13.9394922137692  21.1953807259037
Adsorbate-atom-position: 82 1 23.2639285505295  14.3436148488552  20.3862343858359
Adsorbate-atom-position: 82 2 23.477369906326  14.3433663702712  21.8850125198317
Adsorbate-atom-position: 82 3 23.0401897628943  14.0256858792679  21.1826318087163
Adsorbate-atom-position: 83 0 21.321128906111  11.4427067187999  25.0123226513903
Adsorbate-atom-position: 83 1 20.6685576838592  11.2069984330898  24.3529114709403
Adsorbate-atom-position: 83 2 20.8070025258388  11.6949305606292  25.7793225034601
Adsorbate-atom-position: 83 3 21.196670266907  11.444468979825  25.0238001122407
Adsorbate-atom-position: 84 0 17.5641471159723  15.2710442630514  4.27355534510173
Adsorbate-atom-position: 84 1 18.2713728872175  15.7437342831751  3.83466292738632
Adsorbate-atom-position: 84 2 17.936368132776  15.0103875313745  5.11601671349501
Adsorbate-atom-position: 84 3 17.6792982211061  15.2936626416027  4.31660673860026
Adsorbate-atom-position: 85 0 22.0033875762792  8.11972008959888  17.8048429650999
Adsorbate-atom-position: 85 1 21.7712819167851  8.77342054006847  18.4644135715194
Adsorbate-atom-position: 85 2 22.7090349545713  8.52633104892799  17.3018908007572
Adsorbate-atom-position: 85 3 22.0539031992228  8.2328299580958  17.8215498508431
Adsorbate-atom-position: 86 0 0.523661567910723  9.02992114463805  8.58804744450882
Adsorbate-atom-position: 86 1 0.808089823811527  8.69078748947831  9.43676390608431
Adsorbate-atom-position: 86 2 0.427748877091745  9.97224950018416  8.72606773442161
Adsorbate-atom-position: 86 3 0.543771244120702  9.09426790748642  8.69330847992869
Adsorbate-atom-position: 87 0 4.36859470784358  24.3874509683506  21.1116896024663
Adsorbate-atom-position: 87 1 4.39421037139055  23.5909200808394  21.6418905869879
Adsorbate-atom-position: 87 2 4.35792015289155  24.0736155624182  20.2074634326317
Adsorbate-atom-position: 87 3 4.37018887187807  24.2690016450908  21.0717896400061
Adsorbate-atom-velocity: 0 0 0  0  0
Adsorbate-atom-velocity: 0 1 0  0  0
Adsorbate-atom-velocity: 0 2 0  0  0
Adsorbate-atom-velocity: 0 3 0  0  0
Adsorbate-atom-velocity: 1 0 0  0  0
Adsorbate-atom-velocity: 1 1 0  0  0
Adsorbate-atom-velocity: 1 2 0  0  0
Adsorbate-atom-velocity: 1 3 0  0  0
Adsorbate-atom-velocity: 2 0 0  0  0
Adsorbate-atom-velocity: 2 1 0  0  0
Adsorbate-atom-velocity: 2 2 0  0  0
Adsorbate-atom-velocity: 2 3 0  0  0
Adsorbate-atom-velocity: 3 0 0  0  0
Adsorbate-atom-velocity: 3 1 0  0  0
Adsorbate-atom-velocity: 3 2 0  0  0
Adsorbate-atom-velocity: 3 3 0  0  0
Adsorbate-atom-velocity: 4 0 0  0  0
Adsorbate-atom-velocity: 4 1 0  0  0
Adsorbate-atom-velocity: 4 2 0  0  0
Adsorbate-atom-velocity: 4 3 0  0  0
Adsorbate-atom-velocity: 5 0 0  0  0
Adsorbate-atom-velocity: 5 1 0  0  0
Adsorbate-atom-velocity: 5 2 0  0  0
Adsorbate-atom-velocity: 5 3 0  0  0
Adsorbate-atom-velocity: 6 0 0  0  0
Adsorbate-atom-velocity: 6 1 0  0  0
Adsorbate-atom-velocity: 6 2 0  0  0
Adsorbate-atom-velocity: 6 3 0  0  0
Adsorbate-atom-velocity: 7 0 0  0  0
Adsorbate-atom-velocity: 7 1 0  0  0
Adsorbate-atom-velocity: 7 2 0  0  0
Adsorbate-atom-velocity: 7 3 0  0  0
Adsorbate-atom-velocity: 8 0 0  0  0
Adsorbate-atom-velocity: 8 1 0  0  0
Adsorbate-atom-velocity: 8 2 0  0  0
Adsorbate-atom-velocity: 8 3 0  0  0
Adsorbate-atom-velocity: 9 0 0  0  0
Adsorbate-atom-velocity: 9 1 0  0  0
Adsorbate-atom-velocity: 9 2 0  0  0
Adsorbate-atom-velocity: 9 3 0  0  0
Adsorbate-atom-velocity: 10 0 0  0  0
Adsorbate-atom-velocity: 10 1 0  0  0
Adsorbate-atom-velocity: 10 2 0  0  0
Adsorbate-atom-velocity: 10 3 0  0  0
Adsorbate-atom-velocity: 11 0 0  0  0
Adsorbate-atom-velocity: 11 1 0  0  0
Adsorbate-atom-velocity: 11 2 0  0  0
Adsorbate-atom-velocity: 11 3 0  0  0
Adsorbate-atom-velocity: 12 0 0  0  0
Adsorbate-atom-velocity: 12 1 0  0  0
Adsorbate-atom-velocity: 12 2 0  0  0
Adsorbate-atom-velocity: 12 3 0  0  0
Adsorbate-atom-velocity: 13 0 0  0  0
Adsorbate-atom-velocity: 13 1 0  0  0
Adsorbate-atom-velocity: 13 2 0  0  0
Adsorbate-atom-velocity: 13 3 0  0  0
Adsorbate-atom-velocity: 14 0 0  0  0
Adsorbate-atom-velocity: 14 1 0  0  0
Adsorbate-atom-velocity: 14 2 0  0  0
Adsorbate-atom-velocity: 14 3 0  0  0
Adsorbate-atom-velocity: 15 0 0  0  0
Adsorbate-atom-velocity: 15 1 0  0  0
Adsorbate-atom-velocity: 15 2 0  0  0
Adsorbate-atom-velocity: 15 3 0  0  0
Adsorbate-atom-velocity: 16 0 0  0  0
Adsorbate-atom-velocity: 16 1 0  0  0
Adsorbate-atom-velocity: 16 2 0  0  0
Adsorbate-atom-velocity: 16 3 0  0  0
Adsorbate-atom-velocity: 17 0 0  0  0
Adsorbate-atom-velocity: 17 1 0  0  0
Adsorbate-atom-velocity: 17 2 0  0  0
Adsorbate-atom-velocity: 17 3 0  0  0
Adsorbate-atom-velocity: 18 0 0  0  0
Adsorbate-atom-velocity: 18 1 0  0  0
Adsorbate-atom-velocity: 18 2 0  0  0
Adsorbate-atom-velocity: 18 3 0  0  0
Adsorbate-atom-velocity: 19 0 0  0  0
Adsorbate-atom-velocity: 19 1 0  0  0
Adsorbate-atom-velocity: 19 2 0  0  0
Adsorbate-atom-velocity: 19 3 0  0  0
Adsorbate-atom-velocity: 20 0 0  0  0
Adsorbate-atom-velocity: 20 1 0  0  0
Adsorbate-atom-velocity: 20 2 0  0  0
Adsorbate-atom-velocity: 20 3 0  0  0
Adsorbate-atom-velocity: 21 0 0  0  0
Adsorbate-atom-velocity: 21 1 0  0  0
Adsorbate-atom-velocity: 21 2 0  0  0
Adsorbate-atom-velocity: 21 3 0  0  0
Adsorbate-atom-velocity: 22 0 0  0  0
Adsorbate-atom-velocity: 22 1 0  0  0
Adsorbate-atom-velocity: 22 2 0  0  0
Adsorbate-atom-velocity: 22 3 0  0  0
Adsorbate-atom-velocity: 23 0 0  0  0
Adsorbate-atom-velocity: 23 1 0  0  0
Adsorbate-atom-velocity: 23 2 0  0  0
Adsorbate-atom-velocity: 23 3 0  0  0
Adsorbate-atom-velocity: 24 0 0  0  0
Adsorbate-atom-velocity: 24 1 0  0  0
Adsorbate-atom-velocity: 24 2 0  0  0
Adsorbate-atom-velocity: 24 3 0  0  0
Adsorbate-atom-velocity: 25 0 0  0  0
Adsorbate-atom-velocity: 25 1 0  0  0
Adsorbate-atom-velocity: 25 2 0  0  0
Adsorbate-atom-velocity: 25 3 0  0  0
Adsorbate-atom-velocity: 26 0 0  0  0
Adsorbate-atom-velocity: 26 1 0  0  0
Adsorbate-atom-velocity: 26 2 0  0  0
Adsorbate-atom-velocity: 26 3 0  0  0
Adsorbate-atom-velocity: 27 0 0  0  0
Adsorbate-atom-velocity: 27 1 0  0  0
Adsorbate-atom-velocity: 27 2 0  0  0
Adsorbate-atom-velocity: 27 3 0  0  0
Adsorbate-atom-velocity: 28 0 0  0  0
Adsorbate-atom-velocity: 28 1 0  0  0
Adsorbate-atom-velocity: 28 2 0  0  0
Adsorbate-atom-velocity: 28 3 0  0  0
Adsorbate-atom-velocity: 29 0 0  0  0
Adsorbate-atom-velocity: 29 1 0  0  0
Adsorbate-atom-velocity: 29 2 0  0  0
Adsorbate-atom-velocity: 29 3 0  0  0
Adsorbate-atom-velocity: 30 0 0  0  0
Adsorbate-atom-velocity: 30 1 0  0  0
Adsorbate-atom-velocity: 30 2 0  0  0
Adsorbate-atom-velocity: 30 3 0  0  0
Adsorbate-atom-velocity: 31 0 0  0  0
Adsorbate-atom-velocity: 31 1 0  0  0
Adsorbate-atom-velocity: 31 2 0  0  0
Adsorbate-atom-velocity: 31 3 0  0  0
Adsorbate-atom-velocity: 32 0 0  0  0
Adsorbate-atom-velocity: 32 1 0  0  0
Adsorbate-atom-velocity: 32 2 0  0  0
Adsorbate-atom-velocity: 32 3 0  0  0
Adsorbate-atom-velocity: 33 0 0  0  0
Adsorbate-atom-velocity: 33 1 0  0  0
Adsorbate-atom-velocity: 33 2 0  0  0
Adsorbate-atom-velocity: 33 3 0  0  0
Adsorbate-atom-velocity: 34 0 0  0  0
Adsorbate-atom-velocity: 34 1 0  0  0
Adsorbate-atom-velocity: 34 2 0  0  0
Adsorbate-atom-velocity: 34 3 0  0  0
Adsorbate-atom-velocity: 35 0 0  0  0
Adsorbate-atom-velocity: 35 1 0  0  0
Adsorbate-atom-velocity: 35 2 0  0  0
Adsorbate-atom-velocity: 35 3 0  0  0
Adsorbate-atom-velocity: 36 0 0  0  0
Adsorbate-atom-velocity: 36 1 0  0  0
Adsorbate-atom-velocity: 36 2 0  0  0
Adsorbate-atom-velocity: 36 3 0  0  0
Adsorbate-atom-velocity: 37 0 0  0  0
Adsorbate-atom-velocity: 37 1 0  0  0
Adsorbate-atom-velocity: 37 2 0  0  0
Adsorbate-atom-velocity: 37 3 0  0  0
Adsorbate-atom-velocity: 38 0 0  0  0
Adsorbate-atom-velocity: 38 1 0  0  0
Adsorbate-atom-velocity: 38 2 0  0  0
Adsorbate-atom-velocity: 38 3 0  0  0
Adsorbate-atom-velocity: 39 0 0  0  0
Adsorbate-atom-velocity: 39 1 0  0  0
Adsorbate-atom-velocity: 39 2 0  0  0
Adsorbate-atom-velocity: 39 3 0  0  0
Adsorbate-atom-velocity: 40 0 0  0  0
Adsorbate-atom-velocity: 40 1 0  0  0
Adsorbate-atom-velocity: 40 2 0  0  0
Adsorbate-atom-velocity: 40 3 0  0  0
Adsorbate-atom-velocity: 41 0 0  0  0
Adsorbate-atom-velocity: 41 1 0  0  0
Adsorbate-atom-velocity: 41 2 0  0  0
Adsorbate-atom-velocity: 41 3 0  0  0
Adsorbate-atom-velocity: 42 0 0  0  0
Adsorbate-atom-velocity: 42 1 0  0  0
Adsorbate-atom-velocity: 42 2 0  0  0
Adsorbate-atom-velocity: 42 3 0  0  0
Adsorbate-atom-velocity: 43 0 0  0  0
Adsorbate-atom-velocity: 43 1 0  0  0
Adsorbate-atom-velocity: 43 2 0  0  0
Adsorbate-atom-velocity: 43 3 0  0  0
Adsorbate-atom-velocity: 44 0 0  0  0
Adsorbate-atom-velocity: 44 1 0  0  0
Adsorbate-atom-velocity: 44 2 0  0  0
Adsorbate-atom-velocity: 44 3 0  0  0
Adsorbate-atom-velocity: 45 0 0  0  0
Adsorbate-atom-velocity: 45 1 0  0  0
Adsorbate-atom-velocity: 45 2 0  0  0
Adsorbate-atom-velocity: 45 3 0  0  0
Adsorbate-atom-velocity: 46 0 0  0  0
Adsorbate-atom-velocity: 46 1 0  0  0
Adsorbate-atom-velocity: 46 2 0  0  0
Adsorbate-atom-velocity: 46 3 0  0  0
Adsorbate-atom-velocity: 47 0 0  0  0
Adsorbate-atom-velocity: 47 1 0  0  0
Adsorbate-atom-velocity: 47 2 0  0  0
Adsorbate-atom-velocity: 47 3 0  0  0
Adsorbate-atom-velocity: 48 0 0  0  0
Adsorbate-atom-velocity: 48 1 0  0  0
Adsorbate-atom-velocity: 48 2 0  0  0
Adsorbate-atom-velocity: 48 3 0  0  0
Adsorbate-atom-velocity: 49 0 0  0  0
Adsorbate-atom-velocity: 49 1 0  0  0
Adsorbate-atom-velocity: 49 2 0  0  0
Adsorbate-atom-velocity: 49 3 0  0  0
Adsorbate-atom-velocity: 50 0 0  0  0
Adsorbate-atom-velocity: 50 1 0  0  0
Adsorbate-atom-velocity: 50 2 0  0  0
Adsorbate-atom-velocity: 50 3 0  0  0
Adsorbate-atom-velocity: 51 0 0  0  0
Adsorbate-atom-velocity: 51 1 0  0  0
Adsorbate-atom-velocity: 51 2 0  0  0
Adsorbate-atom-velocity: 51 3 0  0  0
Adsorbate-atom-velocity: 52 0 0  0  0
Adsorbate-atom-velocity: 52 1 0  0  0
Adsorbate-atom-velocity: 52 2 0  0  0
Adsorbate-atom-velocity: 52 3 0  0  0
Adsorbate-atom-velocity: 53 0 0  0  0
Adsorbate-atom-velocity: 53 1 0  0  0
Adsorbate-atom-velocity: 53 2 0  0  0
Adsorbate-atom-velocity: 53 3 0  0  0
Adsorbate-atom-velocity: 54 0 0  0  0
Adsorbate-atom-velocity: 54 1 0  0  0
Adsorbate-atom-velocity: 54 2 0  0  0
Adsorbate-atom-velocity: 54 3 0  0  0
Adsorbate-atom-velocity: 55 0 0  0  0
Adsorbate-atom-velocity: 55 1 0  0  0
Adsorbate-atom-velocity: 55 2 0  0  0
Adsorbate-atom-velocity: 55 3 0  0  0
Adsorbate-atom-velocity: 56 0 0  0  0
Adsorbate-atom-velocity: 56 1 0  0  0
Adsorbate-atom-velocity: 56 2 0  0  0
Adsorbate-atom-velocity: 56 3 0  0  0
Adsorbate-atom-velocity: 57 0 0  0  0
Adsorbate-atom-velocity: 57 1 0  0  0
Adsorbate-atom-velocity: 57 2 0  0  0
Adsorbate-atom-velocity: 57 3 0  0  0
Adsorbate-atom-velocity: 58 0 0  0  0
Adsorbate-atom-velocity: 58 1 0  0  0
Adsorbate-atom-velocity: 58 2 0  0  0
Adsorbate-atom-velocity: 58 3 0  0  0
Adsorbate-atom-velocity: 59 0 0  0  0
Adsorbate-atom-velocity: 59 1 0  0  0
Adsorbate-atom-velocity: 59 2 0  0  0
Adsorbate-atom-velocity: 59 3 0  0  0
Adsorbate-atom-velocity: 60 0 0  0  0
Adsorbate-atom-velocity: 60 1 0  0  0
Adsorbate-atom-velocity: 60 2 0  0  0
Adsorbate-atom-velocity: 60 3 0  0  0
Adsorbate-atom-velocity: 61 0 0  0  0
Adsorbate-atom-velocity: 61 1 0  0  0
Adsorbate-atom-velocity: 61 2 0  0  0
Adsorbate-atom-velocity: 61 3 0  0  0
Adsorbate-atom-velocity: 62 0 0  0  0
Adsorbate-atom-velocity: 62 1 0  0  0
Adsorbate-atom-velocity: 62 2 0  0  0
Adsorbate-atom-velocity: 62 3 0  0  0
Adsorbate-atom-velocity: 63 0 0  0  0
Adsorbate-atom-velocity: 63 1 0  0  0
Adsorbate-atom-velocity: 63 2 0  0  0
Adsorbate-atom-velocity: 63 3 0  0  0
Adsorbate-atom-velocity: 64 0 0  0  0
Adsorbate-atom-velocity: 64 1 0  0  0
Adsorbate-atom-velocity: 64 2 0  0  0
Adsorbate-atom-velocity: 64 3 0  0  0
Adsorbate-atom-velocity: 65 0 0  0  0
Adsorbate-atom-velocity: 65 1 0  0  0
Adsorbate-atom-velocity: 65 2 0  0  0
Adsorbate-atom-velocity: 65 3 0  0  0
Adsorbate-atom-velocity: 66 0 0  0  0
Adsorbate-atom-velocity: 66 1 0  0  0
Adsorbate-atom-velocity: 66 2 0  0  0
Adsorbate-atom-velocity: 66 3 0  0  0
Adsorbate-atom-velocity: 67 0 0  0  0
Adsorbate-atom-velocity: 67 1 0  0  0
Adsorbate-atom-velocity: 67 2 0  0  0
Adsorbate-atom-velocity: 67 3 0  0  0
Adsorbate-atom-velocity: 68 0 0  0  0
Adsorbate-atom-velocity: 68 1 0  0  0
Adsorbate-atom-velocity: 68 2 0  0  0
Adsorbate-atom-velocity: 68 3 0  0  0
Adsorbate-atom-velocity: 69 0 0  0  0
Adsorbate-atom-velocity: 69 1 0  0  0
Adsorbate-atom-velocity: 69 2 0  0  0
Adsorbate-atom-velocity: 69 3 0  0  0
Adsorbate-atom-velocity: 70 0 0  0  0
Adsorbate-atom-velocity: 70 1 0  0  0
Adsorbate-atom-velocity: 70 2 0  0  0
Adsorbate-atom-velocity: 70 3 0  0  0
Adsorbate-atom-velocity: 71 0 0  0  0
Adsorbate-atom-velocity: 71 1 0  0  0
Adsorbate-atom-velocity: 71 2 0  0  0
Adsorbate-atom-velocity: 71 3 0  0  0
Adsorbate-atom-velocity: 72 0 0  0  0
Adsorbate-atom-velocity: 72 1 0  0  0
Adsorbate-atom-velocity: 72 2 0  0  0
Adsorbate-atom-velocity: 72 3 0  0  0
Adsorbate-atom-velocity: 73 0 0  0  0
Adsorbate-atom-velocity: 73 1 0  0  0
Adsorbate-atom-velocity: 73 2 0  0  0
Adsorbate-atom-velocity: 73 3 0  0  0
Adsorbate-atom-velocity: 74 0 0  0  0
Adsorbate-atom-velocity: 74 1 0  0  0
Adsorbate-atom-velocity: 74 2 0  0  0
Adsorbate-atom-velocity: 74 3 0  0  0
Adsorbate-atom-velocity: 75 0 0  0  0
Adsorbate-atom-velocity: 75 1 0  0  0
Adsorbate-atom-velocity: 75 2 0  0  0
Adsorbate-atom-velocity: 75 3 0  0  0
Adsorbate-atom-velocity: 76 0 0  0  0
Adsorbate-atom-velocity: 76 1 0  0  0
Adsorbate-atom-velocity: 76 2 0  0  0
Adsorbate-atom-velocity: 76 3 0  0  0
Adsorbate-atom-velocity: 77 0 0  0  0
Adsorbate-atom-velocity: 77 1 0  0  0
Adsorbate-atom-velocity: 77 2 0  0  0
Adsorbate-atom-velocity: 77 3 0  0  0
Adsorbate-atom-velocity: 78 0 0  0  0
Adsorbate-atom-velocity: 78 1 0  0  0
Adsorbate-atom-velocity: 78 2 0  0  0
Adsorbate-atom-velocity: 78 3 0  0  0
Adsorbate-atom-velocity: 79 0 0  0  0
Adsorbate-atom-velocity: 79 1 0  0  0
Adsorbate-atom-velocity: 79 2 0  0  0
Adsorbate-atom-velocity: 79 3 0  0  0
Adsorbate-atom-velocity: 80 0 0  0  0
Adsorbate-atom-velocity: 80 1 0  0  0
Adsorbate-atom-velocity: 80 2 0  0  0
Adsorbate-atom-velocity: 80 3 0  0  0
Adsorbate-atom-velocity: 81 0 0  0  0
Adsorbate-atom-velocity: 81 1 0  0  0
Adsorbate-atom-velocity: 81 2 0  0  0
Adsorbate-atom-velocity: 81 3 0  0  0
Adsorbate-atom-velocity: 82 0 0  0  0
Adsorbate-atom-velocity: 82 1 0  0  0
Adsorbate-atom-velocity: 82 2 0  0  0
Adsorbate-atom-velocity: 82 3 0  0  0
Adsorbate-atom-velocity: 83 0 0  0  0
Adsorbate-atom-velocity: 83 1 0  0  0
Adsorbate-atom-velocity: 83 2 0  0  0
Adsorbate-atom-velocity: 83 3 0  0  0
Adsorbate-atom-velocity: 84 0 0  0  0
Adsorbate-atom-velocity: 84 1 0  0  0
Adsorbate-atom-velocity: 84 2 0  0  0
Adsorbate-atom-velocity: 84 3 0  0  0
Adsorbate-atom-velocity: 85 0 0  0  0
Adsorbate-atom-velocity: 85 1 0  0  0
Adsorbate-atom-velocity: 85 2 0  0  0
Adsorbate-atom-velocity: 85 3 0  0  0
Adsorbate-atom-velocity: 86 0 0  0  0
Adsorbate-atom-velocity: 86 1 0  0  0
Adsorbate-atom-velocity: 86 2 0  0  0
Adsorbate-atom-velocity: 86 3 0  0  0
Adsorbate-atom-velocity: 87 0 0  0  0
Adsorbate-atom-velocity: 87 1 0  0  0
Adsorbate-atom-velocity: 87 2 0  0  0
Adsorbate-atom-velocity: 87 3 0  0  0
Adsorbate-atom-force: 0 0 0  0  0
Adsorbate-atom-force: 0 1 0  0  0
Adsorbate-atom-force: 0 2 0  0  0
Adsorbate-atom-force: 0 3 0  0  0
Adsorbate-atom-force: 1 0 0  0  0
Adsorbate-atom-force: 1 1 0  0  0
Adsorbate-atom-force: 1 2 0  0  0
Adsorbate-atom-force: 1 3 0  0  0
Adsorbate-atom-force: 2 0 0  0  0
Adsorbate-atom-force: 2 1 0  0  0
Adsorbate-atom-force: 2 2 0  0  0
Adsorbate-atom-force: 2 3 0  0  0
Adsorbate-atom-force: 3 0 0  0  0
Adsorbate-atom-force: 3 1 0  0  0
Adsorbate-atom-force: 3 2 0  0  0
Adsorbate-atom-force: 3 3 0  0  0
Adsorbate-atom-force: 4 0 0  0  0
Adsorbate-atom-force: 4 1 0  0  0
Adsorbate-atom-force: 4 2 0  0  0
Adsorbate-atom-force: 4 3 0  0  0
Adsorbate-atom-force: 5 0 0  0  0
Adsorbate-atom-force: 5 1 0  0  0
Adsorbate-atom-force: 5 2 0  0  0
Adsorbate-atom-force: 5 3 0  0  0
Adsorbate-atom-force: 6 0 0  0  0
Adsorbate-atom-force: 6 1 0  0  0
Adsorbate-atom-force: 6 2 0  0  0
Adsorbate-atom-force: 6 3 0  0  0
Adsorbate-atom-force: 7 0 0  0  0
Adsorbate-atom-force: 7 1 0  0  0
Adsorbate-atom-force: 7 2 0  0  0
Adsorbate-atom-force: 7 3 0  0  0
Adsorbate-atom-force: 8 0 0  0  0
Adsorbate-atom-force: 8 1 0  0  0
Adsorbate-atom-force: 8 2 0  0  0
Adsorbate-atom-force: 8 3 0  0  0
Adsorbate-atom-force: 9 0 0  0  0
Adsorbate-atom-force: 9 1 0  0  0
Adsorbate-atom-force: 9 2 0  0  0
Adsorbate-atom-force: 9 3 0  0  0
Adsorbate-atom-force: 10 0 0  0  0
Adsorbate-atom-force: 10 1 0  0  0
Adsorbate-atom-force: 10 2 0  0  0
Adsorbate-atom-force: 10 3 0  0  0
Adsorbate-atom-force: 11 0 0  0  0
Adsorbate-atom-force: 11 1 0  0  0
Adsorbate-atom-force: 11 2 0  0  0
Adsorbate-atom-force: 11 3 0  0  0
Adsorbate-atom-force: 12 0 0  0  0
Adsorbate-atom-force: 12 1 0  0  0
Adsorbate-atom-force: 12 2 0  0  0
Adsorbate-atom-force: 12 3 0  0  0
Adsorbate-atom-force: 13 0 0  0  0
Adsorbate-atom-force: 13 1 0  0  0
Adsorbate-atom-force: 13 2 0  0  0
Adsorbate-atom-force: 13 3 0  0  0
Adsorbate-atom-force: 14 0 0  0  0
Adsorbate-atom-force: 14 1 0  0  0
Adsorbate-atom-force: 14 2 0  0  0
Adsorbate-atom-force: 14 3 0  0  0
Adsorbate-atom-force: 15 0 0  0  0
Adsorbate-atom-force: 15 1 0  0  0
Adsorbate-atom-force: 15 2 0  0  0
Adsorbate-atom-force: 15 3 0  0  0
Adsorbate-atom-force: 16 0 0  0  0
Adsorbate-atom-force: 16 1 0  0  0
Adsorbate-atom-force: 16 2 0  0  0
Adsorbate-atom-force: 16 3 0  0  0
Adsorbate-atom-force: 17 0 0  0  0
Adsorbate-atom-force: 17 1 0  0  0
Adsorbate-atom-force: 17 2 0  0  0
Adsorbate-atom-force: 17 3 0  0  0
Adsorbate-atom-force: 18 0 0  0  0
Adsorbate-atom-force: 18 1 0  0  0
Adsorbate-atom-force: 18 2 0  0  0
Adsorbate-atom-force: 18 3 0  0  0
Adsorbate-atom-force: 19 0 0  0  0
Adsorbate-atom-force: 19 1 0  0  0
Adsorbate-atom-force: 19 2 0  0  0
Adsorbate-atom-force: 19 3 0  0  0
Adsorbate-atom-force: 20 0 0  0  0
Adsorbate-atom-force: 20 1 0  0  0
Adsorbate-atom-force: 20 2 0  0  0
Adsorbate-atom-force: 20 3 0  0  0
Adsorbate-atom-force: 21 0 0  0  0
Adsorbate-atom-force: 21 1 0  0  0
Adsorbate-atom-force: 21 2 0  0  0
Adsorbate-atom-force: 21 3 0  0  0
Adsorbate-atom-force: 22 0 0  0  0
Adsorbate-atom-force: 22 1 0  0  0
Adsorbate-atom-force: 22 2 0  0  0
Adsorbate-atom-force: 22 3 0  0  0
Adsorbate-atom-force: 23 0 0  0  0
Adsorbate-atom-force: 23 1 0  0  0
Adsorbate-atom-force: 23 2 0  0  0
Adsorbate-atom-force: 23 3 0  0  0
Adsorbate-atom-force: 24 0 0  0  0
Adsorbate-atom-force: 24 1 0  0  0
Adsorbate-atom-force: 24 2 0  0  0
Adsorbate-atom-force: 24 3 0  0  0
Adsorbate-atom-force: 25 0 0  0  0
Adsorbate-atom-force: 25 1 0  0  0
Adsorbate-atom-force: 25 2 0  0  0
Adsorbate-atom-force: 25 3 0  0  0
Adsorbate-atom-force: 26 0 0  0  0
Adsorbate-atom-force: 26 1 0  0  0
Adsorbate-atom-force: 26 2 0  0  0
Adsorbate-atom-force: 26 3 0  0  0
Adsorbate-atom-force: 27 0 0  0  0
Adsorbate-atom-force: 27 1 0  0  0
Adsorbate-atom-force: 27 2 0  0  0
Adsorbate-atom-force: 27 3 0  0  0
Adsorbate-atom-force: 28 0 0  0  0
Adsorbate-atom-force: 28 1 0  0  0
Adsorbate-atom-force: 28 2 0  0  0
Adsorbate-atom-force: 28 3 0  0  0
Adsorbate-atom-force: 29 0 0  0  0
Adsorbate-atom-force: 29 1 0  0  0
Adsorbate-atom-force: 29 2 0  0  0
Adsorbate-atom-force: 29 3 0  0  0
Adsorbate-atom-force: 30 0 0  0  0
Adsorbate-atom-force: 30 1 0  0  0
Adsorbate-atom-force: 30 2 0  0  0
Adsorbate-atom-force: 30 3 0  0  0
Adsorbate-atom-force: 31 0 0  0  0
Adsorbate-atom-force: 31 1 0  0  0
Adsorbate-atom-force: 31 2 0  0  0
Adsorbate-atom-force: 31 3 0  0  0
Adsorbate-atom-force: 32 0 0  0  0
Adsorbate-atom-force: 32 1 0  0  0
Adsorbate-atom-force: 32 2 0  0  0
Adsorbate-atom-force: 32 3 0  0  0
Adsorbate-atom-force: 33 0 0  0  0
Adsorbate-atom-force: 33 1 0  0  0
Adsorbate-atom-force: 33 2 0  0  0
Adsorbate-atom-force: 33 3 0  0  0
Adsorbate-atom-force: 34 0 0  0  0
Adsorbate-atom-force: 34 1 0  0  0
Adsorbate-atom-force: 34 2 0  0  0
Adsorbate-atom-force: 34 3 0  0  0
Adsorbate-atom-force: 35 0 0  0  0
Adsorbate-atom-force: 35 1 0  0  0
Adsorbate-atom-force: 35 2 0  0  0
Adsorbate-atom-force: 35 3 0  0  0
Adsorbate-atom-force: 36 0 0  0  0
Adsorbate-atom-force: 36 1 0  0  0
Adsorbate-atom-force: 36 2 0  0  0
Adsorbate-atom-force: 36 3 0  0  0
Adsorbate-atom-force: 37 0 0  0  0
Adsorbate-atom-force: 37 1 0  0  0
Adsorbate-atom-force: 37 2 0  0  0
Adsorbate-atom-force: 37 3 0  0  0
Adsorbate-atom-force: 38 0 0  0  0
Adsorbate-atom-force: 38 1 0  0  0
Adsorbate-atom-force: 38 2 0  0  0
Adsorbate-atom-force: 38 3 0  0  0
Adsorbate-atom-force: 39 0 0  0  0
Adsorbate-atom-force: 39 1 0  0  0
Adsorbate-atom-force: 39 2 0  0  0
Adsorbate-atom-force: 39 3 0  0  0
Adsorbate-atom-force: 40 0 0  0  0
Adsorbate-atom-force: 40 1 0  0  0
Adsorbate-atom-force: 40 2 0  0  0
Adsorbate-atom-force: 40 3 0  0  0
Adsorbate-atom-force: 41 0 0  0  0
Adsorbate-atom-force: 41 1 0  0  0
Adsorbate-atom-force: 41 2 0  0  0
Adsorbate-atom-force: 41 3 0  0  0
Adsorbate-atom-force: 42 0 0  0  0
Adsorbate-atom-force: 42 1 0  0  0
Adsorbate-atom-force: 42 2 0  0  0
Adsorbate-atom-force: 42 3 0  0  0
Adsorbate-atom-force: 43 0 0  0  0
Adsorbate-atom-force: 43 1 0  0  0
Adsorbate-atom-force: 43 2 0  0  0
Adsorbate-atom-force: 43 3 0  0  0
Adsorbate-atom-force: 44 0 0  0  0
Adsorbate-atom-force: 44 1 0  0  0
Adsorbate-atom-force: 44 2 0  0  0
Adsorbate-atom-force: 44 3 0  0  0
Adsorbate-atom-force: 45 0 0  0  0
Adsorbate-atom-force: 45 1 0  0  0
Adsorbate-atom-force: 45 2 0  0  0
Adsorbate-atom-force: 45 3 0  0  0
Adsorbate-atom-force: 46 0 0  0  0
Adsorbate-atom-force: 46 1 0  0  0
Adsorbate-atom-force: 46 2 0  0  0
Adsorbate-atom-force: 46 3 0  0  0
Adsorbate-atom-force: 47 0 0  0  0
Adsorbate-atom-force: 47 1 0  0  0
Adsorbate-atom-force: 47 2 0  0  0
Adsorbate-atom-force: 47 3 0  0  0
Adsorbate-atom-force: 48 0 0  0  0
Adsorbate-atom-force: 48 1 0  0  0
Adsorbate-atom-force: 48 2 0  0  0
Adsorbate-atom-force: 48 3 0  0  0
Adsorbate-atom-force: 49 0 0  0  0
Adsorbate-atom-force: 49 1 0  0  0
Adsorbate-atom-force: 49 2 0  0  0
Adsorbate-atom-force: 49 3 0  0  0
Adsorbate-atom-force: 50 0 0  0  0
Adsorbate-atom-force: 50 1 0  0  0
Adsorbate-atom-force: 50 2 0  0  0
Adsorbate-atom-force: 50 3 0  0  0
Adsorbate-atom-force: 51 0 0  0  0
Adsorbate-atom-force: 51 1 0  0  0
Adsorbate-atom-force: 51 2 0  0  0
Adsorbate-atom-force: 51 3 0  0  0
Adsorbate-atom-force: 52 0 0  0  0
Adsorbate-atom-force: 52 1 0  0  0
Adsorbate-atom-force: 52 2 0  0  0
Adsorbate-atom-force: 52 3 0  0  0
Adsorbate-atom-force: 53 0 0  0  0
Adsorbate-atom-force: 53 1 0  0  0
Adsorbate-atom-force: 53 2 0  0  0
Adsorbate-atom-force: 53 3 0  0  0
Adsorbate-atom-force: 54 0 0  0  0
Adsorbate-atom-force: 54 1 0  0  0
Adsorbate-atom-force: 54 2 0  0  0
Adsorbate-atom-force: 54 3 0  0  0
Adsorbate-atom-force: 55 0 0  0  0
Adsorbate-atom-force: 55 1 0  0  0
Adsorbate-atom-force: 55 2 0  0  0
Adsorbate-atom-force: 55 3 0  0  0
Adsorbate-atom-force: 56 0 0  0  0
Adsorbate-atom-force: 56 1 0  0  0
Adsorbate-atom-force: 56 2 0  0  0
Adsorbate-atom-force: 56 3 0  0  0
Adsorbate-atom-force: 57 0 0  0  0
Adsorbate-atom-force: 57 1 0  0  0
Adsorbate-atom-force: 57 2 0  0  0
Adsorbate-atom-force: 57 3 0  0  0
Adsorbate-atom-force: 58 0 0  0  0
Adsorbate-atom-force: 58 1 0  0  0
Adsorbate-atom-force: 58 2 0  0  0
Adsorbate-atom-force: 58 3 0  0  0
Adsorbate-atom-force: 59 0 0  0  0
Adsorbate-atom-force: 59 1 0  0  0
Adsorbate-atom-force: 59 2 0  0  0
Adsorbate-atom-force: 59 3 0  0  0
Adsorbate-atom-force: 60 0 0  0  0
Adsorbate-atom-force: 60 1 0  0  0
Adsorbate-atom-force: 60 2 0  0  0
Adsorbate-atom-force: 60 3 0  0  0
Adsorbate-atom-force: 61 0 0  0  0
Adsorbate-atom-force: 61 1 0  0  0
Adsorbate-atom-force: 61 2 0  0  0
Adsorbate-atom-force: 61 3 0  0  0
Adsorbate-atom-force: 62 0 0  0  0
Adsorbate-atom-force: 62 1 0  0  0
Adsorbate-atom-force: 62 2 0  0  0
Adsorbate-atom-force: 62 3 0  0  0
Adsorbate-atom-force: 63 0 0  0  0
Adsorbate-atom-force: 63 1 0  0  0
Adsorbate-atom-force: 63 2 0  0  0
Adsorbate-atom-force: 63 3 0  0  0
Adsorbate-atom-force: 64 0 0  0  0
Adsorbate-atom-force: 64 1 0  0  0
Adsorbate-atom-force: 64 2 0  0  0
Adsorbate-atom-force: 64 3 0  0  0
Adsorbate-atom-force: 65 0 0  0  0
Adsorbate-atom-force: 65 1 0  0  0
Adsorbate-atom-force: 65 2 0  0  0
Adsorbate-atom-force: 65 3 0  0  0
Adsorbate-atom-force: 66 0 0  0  0
Adsorbate-atom-force: 66 1 0  0  0
Adsorbate-atom-force: 66 2 0  0  0
Adsorbate-atom-force: 66 3 0  0  0
Adsorbate-atom-force: 67 0 0  0  0
Adsorbate-atom-force: 67 1 0  0  0
Adsorbate-atom-force: 67 2 0  0  0
Adsorbate-atom-force: 67 3 0  0  0
Adsorbate-atom-force: 68 0 0  0  0
Adsorbate-atom-force: 68 1 0  0  0
Adsorbate-atom-force: 68 2 0  0  0
Adsorbate-atom-force: 68 3 0  0  0
Adsorbate-atom-force: 69 0 0  0  0
Adsorbate-atom-force: 69 1 0  0  0
Adsorbate-atom-force: 69 2 0  0  0
Adsorbate-atom-force: 69 3 0  0  0
Adsorbate-atom-force: 70 0 0  0  0
Adsorbate-atom-force: 70 1 0  0  0
Adsorbate-atom-force: 70 2 0  0  0
Adsorbate-atom-force: 70 3 0  0  0
Adsorbate-atom-force: 71 0 0  0  0
Adsorbate-atom-force: 71 1 0  0  0
Adsorbate-atom-force: 71 2 0  0  0
Adsorbate-atom-force: 71 3 0  0  0
Adsorbate-atom-force: 72 0 0  0  0
Adsorbate-atom-force: 72 1 0  0  0
Adsorbate-atom-force: 72 2 0  0  0
Adsorbate-atom-force: 72 3 0  0  0
Adsorbate-atom-force: 73 0 0  0  0
Adsorbate-atom-force: 73 1 0  0  0
Adsorbate-atom-force: 73 2 0  0  0
Adsorbate-atom-force: 73 3 0  0  0
Adsorbate-atom-force: 74 0 0  0  0
Adsorbate-atom-force: 74 1 0  0  0
Adsorbate-atom-force: 74 2 0  0  0
Adsorbate-atom-force: 74 3 0  0  0
Adsorbate-atom-force: 75 0 0  0  0
Adsorbate-atom-force: 75 1 0  0  0
Adsorbate-atom-force: 75 2 0  0  0
Adsorbate-atom-force: 75 3 0  0  0
Adsorbate-atom-force: 76 0 0  0  0
Adsorbate-atom-force: 76 1 0  0  0
Adsorbate-atom-force: 76 2 0  0  0
Adsorbate-atom-force: 76 3 0  0  0
Adsorbate-atom-force: 77 0 0  0  0
Adsorbate-atom-force: 77 1 0  0  0
Adsorbate-atom-force: 77 2 0  0  0
Adsorbate-atom-force: 77 3 0  0  0
Adsorbate-atom-force: 78 0 0  0  0
Adsorbate-atom-force: 78 1 0  0  0
Adsorbate-atom-force: 78 2 0  0  0
Adsorbate-atom-force: 78 3 0  0  0
Adsorbate-atom-force: 79 0 0  0  0
Adsorbate-atom-force: 79 1 0  0  0
Adsorbate-atom-force: 79 2 0  0  0
Adsorbate-atom-force: 79 3 0  0  0
Adsorbate-atom-force: 80 0 0  0  0
Adsorbate-atom-force: 80 1 0  0  0
Adsorbate-atom-force: 80 2 0  0  0
Adsorbate-atom-force: 80 3 0  0  0
Adsorbate-atom-force: 81 0 0  0  0
Adsorbate-atom-force: 81 1 0  0  0
Adsorbate-atom-force: 81 2 0  0  0
Adsorbate-atom-force: 81 3 0  0  0
Adsorbate-atom-force: 82 0 0  0  0
Adsorbate-atom-force: 82 1 0  0  0
Adsorbate-atom-force: 82 2 0  0  0
Adsorbate-atom-force: 82 3 0  0  0
Adsorbate-atom-force: 83 0 0  0  0
Adsorbate-atom-force: 83 1 0  0  0
Adsorbate-atom-force: 83 2 0  0  0
Adsorbate-atom-force: 83 3 0  0  0
Adsorbate-atom-force: 84 0 0  0  0
Adsorbate-atom-force: 84 1 0  0  0
Adsorbate-atom-force: 84 2 0  0  0
Adsorbate-atom-force: 84 3 0  0  0
Adsorbate-atom-force: 85 0 0  0  0
Adsorbate-atom-force: 85 1 0  0  0
Adsorbate-atom-force: 85 2 0  0  0
Adsorbate-atom-force: 85 3 0  0  0
Adsorbate-atom-force: 86 0 0  0  0
Adsorbate-atom-force: 86 1 0  0  0
Adsorbate-atom-force: 86 2 0  0  0
Adsorbate-atom-force: 86 3 0  0  0
Adsorbate-atom-force: 87 0 0  0  0
Adsorbate-atom-force: 87 1 0  0  0
Adsorbate-atom-force: 87 2 0  0  0
Adsorbate-atom-force: 87 3 0  0  0
Adsorbate-atom-charge: 0 0 0
Adsorbate-atom-charge: 0 1 0.52422
Adsorbate-atom-charge: 0 2 0.52422
Adsorbate-atom-charge: 0 3 -1.04844
Adsorbate-atom-charge: 1 0 0
Adsorbate-atom-charge: 1 1 0.52422
Adsorbate-atom-charge: 1 2 0.52422
Adsorbate-atom-charge: 1 3 -1.04844
Adsorbate-atom-charge: 2 0 0
Adsorbate-atom-charge: 2 1 0.52422
Adsorbate-atom-charge: 2 2 0.52422
Adsorbate-atom-charge: 2 3 -1.04844
Adsorbate-atom-charge: 3 0 0
Adsorbate-atom-charge: 3 1 0.52422
Adsorbate-atom-charge: 3 2 0.52422
Adsorbate-atom-charge: 3 3 -1.04844
Adsorbate-atom-charge: 4 0 0
Adsorbate-atom-charge: 4 1 0.52422
Adsorbate-atom-charge: 4 2 0.52422
Adsorbate-atom-charge: 4 3 -1.04844
Adsorbate-atom-charge: 5 0 0
Adsorbate-atom-charge: 5 1 0.52422
Adsorbate-atom-charge: 5 2 0.52422
Adsorbate-atom-charge: 5 3 -1.04844
Adsorbate-atom-charge: 6 0 0
Adsorbate-atom-charge: 6 1 0.52422
Adsorbate-atom-charge: 6 2 0.52422
Adsorbate-atom-charge: 6 3 -1.04844
Adsorbate-atom-charge: 7 0 0
Adsorbate-atom-charge: 7 1 0.52422
Adsorbate-atom-charge: 7 2 0.52422
Adsorbate-atom-charge: 7 3 -1.04844
Adsorbate-atom-charge: 8 0 0
Adsorbate-atom-charge: 8 1 0.52422
Adsorbate-atom-charge: 8 2 0.52422
Adsorbate-atom-charge: 8 3 -1.04844
Adsorbate-atom-charge: 9 0 0
Adsorbate-atom-charge: 9 1 0.52422
Adsorbate-atom-charge: 9 2 0.52422
Adsorbate-atom-charge: 9 3 -1.04844
Adsorbate-atom-charge: 10 0 0
Adsorbate-atom-charge: 10 1 0.52422
Adsorbate-atom-charge: 10 2 0.52422
Adsorbate-atom-charge: 10 3 -1.04844
Adsorbate-atom-charge: 11 0 0
Adsorbate-atom-charge: 11 1 0.52422
Adsorbate-atom-charge: 11 2 0.52422
Adsorbate-atom-charge: 11 3 -1.04844
Adsorbate-atom-charge: 12 0 0
Adsorbate-atom-charge: 12 1 0.52422
Adsorbate-atom-charge: 12 2 0.52422
Adsorbate-atom-charge: 12 3 -1.04844
Adsorbate-atom-charge: 13 0 0
Adsorbate-atom-charge: 13 1 0.52422
Adsorbate-atom-charge: 13 2 0.52422
Adsorbate-atom-charge: 13 3 -1.04844
Adsorbate-atom-charge: 14 0 0
Adsorbate-atom-charge: 14 1 0.52422
Adsorbate-atom-charge: 14 2 0.52422
Adsorbate-atom-charge: 14 3 -1.04844
Adsorbate-atom-charge: 15 0 0
Adsorbate-atom-charge: 15 1 0.52422
Adsorbate-atom-charge: 15 2 0.52422
Adsorbate-atom-charge: 15 3 -1.04844
Adsorbate-atom-charge: 16 0 0
Adsorbate-atom-charge: 16 1 0.52422
Adsorbate-atom-charge: 16 2 0.52422
Adsorbate-atom-charge: 16 3 -1.04844
Adsorbate-atom-charge: 17 0 0
Adsorbate-atom-charge: 17 1 0.52422
Adsorbate-atom-charge: 17 2 0.52422
Adsorbate-atom-charge: 17 3 -1.04844
Adsorbate-atom-charge: 18 0 0
Adsorbate-atom-charge: 18 1 0.52422
Adsorbate-atom-charge: 18 2 0.52422
Adsorbate-atom-charge: 18 3 -1.04844
Adsorbate-atom-charge: 19 0 0
Adsorbate-atom-charge: 19 1 0.52422
Adsorbate-atom-charge: 19 2 0.52422
Adsorbate-atom-charge: 19 3 -1.04844
Adsorbate-atom-charge: 20 0 0
Adsorbate-atom-charge: 20 1 0.52422
Adsorbate-atom-charge: 20 2 0.52422
Adsorbate-atom-charge: 20 3 -1.04844
Adsorbate-atom-charge: 21 0 0
Adsorbate-atom-charge: 21 1 0.52422
Adsorbate-atom-charge: 21 2 0.52422
Adsorbate-atom-charge: 21 3 -1.04844
Adsorbate-atom-charge: 22 0 0
Adsorbate-atom-charge: 22 1 0.52422
Adsorbate-atom-charge: 22 2 0.52422
Adsorbate-atom-charge: 22 3 -1.04844
Adsorbate-atom-charge: 23 0 0
Adsorbate-atom-charge: 23 1 0.52422
Adsorbate-atom-charge: 23 2 0.52422
Adsorbate-atom-charge: 23 3 -1.04844
Adsorbate-atom-charge: 24 0 0
Adsorbate-atom-charge: 24 1 0.52422
Adsorbate-atom-charge: 24 2 0.52422
Adsorbate-atom-charge: 24 3 -1.04844
Adsorbate-atom-charge: 25 0 0
Adsorbate-atom-charge: 25 1 0.52422
Adsorbate-atom-charge: 25 2 0.52422
Adsorbate-atom-charge: 25 3 -1.04844
Adsorbate-atom-charge: 26 0 0
Adsorbate-atom-charge: 26 1 0.52422
Adsorbate-atom-charge: 26 2 0.52422
Adsorbate-atom-charge: 26 3 -1.04844
Adsorbate-atom-charge: 27 0 0
Adsorbate-atom-charge: 27 1 0.52422
Adsorbate-atom-charge: 27 2 0.52422
Adsorbate-atom-charge: 27 3 -1.04844
Adsorbate-atom-charge: 28 0 0
Adsorbate-atom-charge: 28 1 0.52422
Adsorbate-atom-charge: 28 2 0.52422
Adsorbate-atom-charge: 28 3 -1.04844
Adsorbate-atom-charge: 29 0 0
Adsorbate-atom-charge: 29 1 0.52422
Adsorbate-atom-charge: 29 2 0.52422
Adsorbate-atom-charge: 29 3 -1.04844
Adsorbate-atom-charge: 30 0 0
Adsorbate-atom-charge: 30 1 0.52422
Adsorbate-atom-charge: 30 2 0.52422
Adsorbate-atom-charge: 30 3 -1.04844
Adsorbate-atom-charge: 31 0 0
Adsorbate-atom-charge: 31 1 0.52422
Adsorbate-atom-charge: 31 2 0.52422
Adsorbate-atom-charge: 31 3 -1.04844
Adsorbate-atom-charge: 32 0 0
Adsorbate-atom-charge: 32 1 0.52422
Adsorbate-atom-charge: 32 2 0.52422
Adsorbate-atom-charge: 32 3 -1.04844
Adsorbate-atom-charge: 33 0 0
Adsorbate-atom-charge: 33 1 0.52422
Adsorbate-atom-charge: 33 2 0.52422
Adsorbate-atom-charge: 33 3 -1.04844
Adsorbate-atom-charge: 34 0 0
Adsorbate-atom-charge: 34 1 0.52422
Adsorbate-atom-charge: 34 2 0.52422
Adsorbate-atom-charge: 34 3 -1.04844
Adsorbate-atom-charge: 35 0 0
Adsorbate-atom-charge: 35 1 0.52422
Adsorbate-atom-charge: 35 2 0.52422
Adsorbate-atom-charge: 35 3 -1.04844
Adsorbate-atom-charge: 36 0 0
Adsorbate-atom-charge: 36 1 0.52422
Adsorbate-atom-charge: 36 2 0.52422
Adsorbate-atom-charge: 36 3 -1.04844
Adsorbate-atom-charge: 37 0 0
Adsorbate-atom-charge: 37 1 0.52422
Adsorbate-atom-charge: 37 2 0.52422
Adsorbate-atom-charge: 37 3 -1.04844
Adsorbate-atom-charge: 38 0 0
Adsorbate-atom-charge: 38 1 0.52422
Adsorbate-atom-charge: 38 2 0.52422
Adsorbate-atom-charge: 38 3 -1.04844
Adsorbate-atom-charge: 39 0 0
Adsorbate-atom-charge: 39 1 0.52422
Adsorbate-atom-charge: 39 2 0.52422
Adsorbate-atom-charge: 39 3 -1.04844
Adsorbate-atom-charge: 40 0 0
Adsorbate-atom-charge: 40 1 0.52422
Adsorbate-atom-charge: 40 2 0.52422
Adsorbate-atom-charge: 40 3 -1.04844
Adsorbate-atom-charge: 41 0 0
Adsorbate-atom-charge: 41 1 0.52422
Adsorbate-atom-charge: 41 2 0.52422
Adsorbate-atom-charge: 41 3 -1.04844
Adsorbate-atom-charge: 42 0 0
Adsorbate-atom-charge: 42 1 0.52422
Adsorbate-atom-charge: 42 2 0.52422
Adsorbate-atom-charge: 42 3 -1.04844
Adsorbate-atom-charge: 43 0 0
Adsorbate-atom-charge: 43 1 0.52422
Adsorbate-atom-charge: 43 2 0.52422
Adsorbate-atom-charge: 43 3 -1.04844
Adsorbate-atom-charge: 44 0 0
Adsorbate-atom-charge: 44 1 0.52422
Adsorbate-atom-charge: 44 2 0.52422
Adsorbate-atom-charge: 44 3 -1.04844
Adsorbate-atom-charge: 45 0 0
Adsorbate-atom-charge: 45 1 0.52422
Adsorbate-atom-charge: 45 2 0.52422
Adsorbate-atom-charge: 45 3 -1.04844
Adsorbate-atom-charge: 46 0 0
Adsorbate-atom-charge: 46 1 0.52422
Adsorbate-atom-charge: 46 2 0.52422
Adsorbate-atom-charge: 46 3 -1.04844
Adsorbate-atom-charge: 47 0 0
Adsorbate-atom-charge: 47 1 0.52422
Adsorbate-atom-charge: 47 2 0.52422
Adsorbate-atom-charge: 47 3 -1.04844
Adsorbate-atom-charge: 48 0 0
Adsorbate-atom-charge: 48 1 0.52422
Adsorbate-atom-charge: 48 2 0.52422
Adsorbate-atom-charge: 48 3 -1.04844
Adsorbate-atom-charge: 49 0 0
Adsorbate-atom-charge: 49 1 0.52422
Adsorbate-atom-charge: 49 2 0.52422
Adsorbate-atom-charge: 49 3 -1.04844
Adsorbate-atom-charge: 50 0 0
Adsorbate-atom-charge: 50 1 0.52422
Adsorbate-atom-charge: 50 2 0.52422
Adsorbate-atom-charge: 50 3 -1.04844
Adsorbate-atom-charge: 51 0 0
Adsorbate-atom-charge: 51 1 0.52422
Adsorbate-atom-charge: 51 2 0.52422
Adsorbate-atom-charge: 51 3 -1.04844
Adsorbate-atom-charge: 52 0 0
Adsorbate-atom-charge: 52 1 0.52422
Adsorbate-atom-charge: 52 2 0.52422
Adsorbate-atom-charge: 52 3 -1.04844
Adsorbate-atom-charge: 53 0 0
Adsorbate-atom-charge: 53 1 0.52422
Adsorbate-atom-charge: 53 2 0.52422
Adsorbate-atom-charge: 53 3 -1.04844
Adsorbate-atom-charge: 54 0 0
Adsorbate-atom-charge: 54 1 0.52422
Adsorbate-atom-charge: 54 2 0.52422
Adsorbate-atom-charge: 54 3 -1.04844
Adsorbate-atom-charge: 55 0 0
Adsorbate-atom-charge: 55 1 0.52422
Adsorbate-atom-charge: 55 2 0.52422
Adsorbate-atom-charge: 55 3 -1.04844
Adsorbate-atom-charge: 56 0 0
Adsorbate-atom-charge: 56 1 0.52422
Adsorbate-atom-charge: 56 2 0.52422
Adsorbate-atom-charge: 56 3 -1.04844
Adsorbate-atom-charge: 57 0 0
Adsorbate-atom-charge: 57 1 0.52422
Adsorbate-atom-charge: 57 2 0.52422
Adsorbate-atom-charge: 57 3 -1.04844
Adsorbate-atom-charge: 58 0 0
Adsorbate-atom-charge: 58 1 0.52422
Adsorbate-atom-charge: 58 2 0.52422
Adsorbate-atom-charge: 58 3 -1.04844
Adsorbate-atom-charge: 59 0 0
Adsorbate-atom-charge: 59 1 0.52422
Adsorbate-atom-charge: 59 2 0.52422
Adsorbate-atom-charge: 59 3 -1.04844
Adsorbate-atom-charge: 60 0 0
Adsorbate-atom-charge: 60 1 0.52422
Adsorbate-atom-charge: 60 2 0.52422
Adsorbate-atom-charge: 60 3 -1.04844
Adsorbate-atom-charge: 61 0 0
Adsorbate-atom-charge: 61 1 0.52422
Adsorbate-atom-charge: 61 2 0.52422
Adsorbate-atom-charge: 61 3 -1.04844
Adsorbate-atom-charge: 62 0 0
Adsorbate-atom-charge: 62 1 0.52422
Adsorbate-atom-charge: 62 2 0.52422
Adsorbate-atom-charge: 62 3 -1.04844
Adsorbate-atom-charge: 63 0 0
Adsorbate-atom-charge: 63 1 0.52422
Adsorbate-atom-charge: 63 2 0.52422
Adsorbate-atom-charge: 63 3 -1.04844
Adsorbate-atom-charge: 64 0 0
Adsorbate-atom-charge: 64 1 0.52422
Adsorbate-atom-charge: 64 2 0.52422
Adsorbate-atom-charge: 64 3 -1.04844
Adsorbate-atom-charge: 65 0 0
Adsorbate-atom-charge: 65 1 0.52422
Adsorbate-atom-charge: 65 2 0.52422
Adsorbate-atom-charge: 65 3 -1.04844
Adsorbate-atom-charge: 66 0 0
Adsorbate-atom-charge: 66 1 0.52422
Adsorbate-atom-charge: 66 2 0.52422
Adsorbate-atom-charge: 66 3 -1.04844
Adsorbate-atom-charge: 67 0 0
Adsorbate-atom-charge: 67 1 0.52422
Adsorbate-atom-charge: 67 2 0.52422
Adsorbate-atom-charge: 67 3 -1.04844
Adsorbate-atom-charge: 68 0 0
Adsorbate-atom-charge: 68 1 0.52422
Adsorbate-atom-charge: 68 2 0.52422
Adsorbate-atom-charge: 68 3 -1.04844
Adsorbate-atom-charge: 69 0 0
Adsorbate-atom-charge: 69 1 0.52422
Adsorbate-atom-charge: 69 2 0.52422
Adsorbate-atom-charge: 69 3 -1.04844
Adsorbate-atom-charge: 70 0 0
Adsorbate-atom-charge: 70 1 0.52422
Adsorbate-atom-charge: 70 2 0.52422
Adsorbate-atom-charge: 70 3 -1.04844
Adsorbate-atom-charge: 71 0 0
Adsorbate-atom-charge: 71 1 0.52422
Adsorbate-atom-charge: 71 2 0.52422
Adsorbate-atom-charge: 71 3 -1.04844
Adsorbate-atom-charge: 72 0 0
Adsorbate-atom-charge: 72 1 0.52422
Adsorbate-atom-charge: 72 2 0.52422
Adsorbate-atom-charge: 72 3 -1.04844
Adsorbate-atom-charge: 73 0 0
Adsorbate-atom-charge: 73 1 0.52422
Adsorbate-atom-charge: 73 2 0.52422
Adsorbate-atom-charge: 73 3 -1.04844
Adsorbate-atom-charge: 74 0 0
Adsorbate-atom-charge: 74 1 0.52422
Adsorbate-atom-charge: 74 2 0.52422
Adsorbate-atom-charge: 74 3 -1.04844
Adsorbate-atom-charge: 75 0 0
Adsorbate-atom-charge: 75 1 0.52422
Adsorbate-atom-charge: 75 2 0.52422
Adsorbate-atom-charge: 75 3 -1.04844
Adsorbate-atom-charge: 76 0 0
Adsorbate-atom-charge: 76 1 0.52422
Adsorbate-atom-charge: 76 2 0.52422
Adsorbate-atom-charge: 76 3 -1.04844
Adsorbate-atom-charge: 77 0 0
Adsorbate-atom-charge: 77 1 0.52422
Adsorbate-atom-charge: 77 2 0.52422
Adsorbate-atom-charge: 77 3 -1.04844
Adsorbate-atom-charge: 78 0 0
Adsorbate-atom-charge: 78 1 0.52422
Adsorbate-atom-charge: 78 2 0.52422
Adsorbate-atom-charge: 78 3 -1.04844
Adsorbate-atom-charge: 79 0 0
Adsorbate-atom-charge: 79 1 0.52422
Adsorbate-atom-charge: 79 2 0.52422
Adsorbate-atom-charge: 79 3 -1.04844
Adsorbate-atom-charge: 80 0 0
Adsorbate-atom-charge: 80 1 0.52422
Adsorbate-atom-charge: 80 2 0.52422
Adsorbate-atom-charge: 80 3 -1.04844
Adsorbate-atom-charge: 81 0 0
Adsorbate-atom-charge: 81 1 0.52422
Adsorbate-atom-charge: 81 2 0.52422
Adsorbate-atom-charge: 81 3 -1.04844
Adsorbate-atom-charge: 82 0 0
Adsorbate-atom-charge: 82 1 0.52422
Adsorbate-atom-charge: 82 2 0.52422
Adsorbate-atom-charge: 82 3 -1.04844
Adsorbate-atom-charge: 83 0 0
Adsorbate-atom-charge: 83 1 0.52422
Adsorbate-atom-charge: 83 2 0.52422
Adsorbate-atom-charge: 83 3 -1.04844
Adsorbate-atom-charge: 84 0 0
Adsorbate-atom-charge: 84 1 0.52422
Adsorbate-atom-charge: 84 2 0.52422
Adsorbate-atom-charge: 84 3 -1.04844
Adsorbate-atom-charge: 85 0 0
Adsorbate-atom-charge: 85 1 0.52422
Adsorbate-atom-charge: 85 2 0.52422
Adsorbate-atom-charge: 85 3 -1.04844
Adsorbate-atom-charge: 86 0 0
Adsorbate-atom-charge: 86 1 0.52422
Adsorbate-atom-charge: 86 2 0.52422
Adsorbate-atom-charge: 86 3 -1.04844
Adsorbate-atom-charge: 87 0 0
Adsorbate-atom-charge: 87 1 0.52422
Adsorbate-atom-charge: 87 2 0.52422
Adsorbate-atom-charge: 87 3 -1.04844
Adsorbate-atom-scaling: 0 0 1
Adsorbate-atom-scaling: 0 1 1
Adsorbate-atom-scaling: 0 2 1
Adsorbate-atom-scaling: 0 3 1
Adsorbate-atom-scaling: 1 0 1
Adsorbate-atom-scaling: 1 1 1
Adsorbate-atom-scaling: 1 2 1
Adsorbate-atom-scaling: 1 3 1
Adsorbate-atom-scaling: 2 0 1
Adsorbate-atom-scaling: 2 1 1
Adsorbate-atom-scaling: 2 2 1
Adsorbate-atom-scaling: 2 3 1
Adsorbate-atom-scaling: 3 0 1
Adsorbate-atom-scaling: 3 1 1
Adsorbate-atom-scaling: 3 2 1
Adsorbate-atom-scaling: 3 3 1
Adsorbate-atom-scaling: 4 0 1
Adsorbate-atom-scaling: 4 1 1
Adsorbate-atom-scaling: 4 2 1
Adsorbate-atom-scaling: 4 3 1
Adsorbate-atom-scaling: 5 0 1
Adsorbate-atom-scaling: 5 1 1
Adsorbate-atom-scaling: 5 2 1
Adsorbate-atom-scaling: 5 3 1
Adsorbate-atom-scaling: 6 0 1
Adsorbate-atom-scaling: 6 1 1
Adsorbate-atom-scaling: 6 2 1
Adsorbate-atom-scaling: 6 3 1
Adsorbate-atom-scaling: 7 0 1
Adsorbate-atom-scaling: 7 1 1
Adsorbate-atom-scaling: 7 2 1
Adsorbate-atom-scaling: 7 3 1
Adsorbate-atom-scaling: 8 0 1
Adsorbate-atom-scaling: 8 1 1
Adsorbate-atom-scaling: 8 2 1
Adsorbate-atom-scaling: 8 3 1
Adsorbate-atom-scaling: 9 0 1
Adsorbate-atom-scaling: 9 1 1
Adsorbate-atom-scaling: 9 2 1
Adsorbate-atom-scaling: 9 3 1
Adsorbate-atom-scaling: 10 0 1
Adsorbate-atom-scaling: 10 1 1
Adsorbate-atom-scaling: 10 2 1
Adsorbate-atom-scaling: 10 3 1
Adsorbate-atom-scaling: 11 0 1
Adsorbate-atom-scaling: 11 1 1
Adsorbate-atom-scaling: 11 2 1
Adsorbate-atom-scaling: 11 3 1
Adsorbate-atom-scaling: 12 0 1
Adsorbate-atom-scaling: 12 1 1
Adsorbate-atom-scaling: 12 2 1
Adsorbate-atom-scaling: 12 3 1
Adsorbate-atom-scaling: 13 0 1
Adsorbate-atom-scaling: 13 1 1
Adsorbate-atom-scaling: 13 2 1
Adsorbate-atom-scaling: 13 3 1
Adsorbate-atom-scaling: 14 0 1
Adsorbate-atom-scaling: 14 1 1
Adsorbate-atom-scaling: 14 2 1
Adsorbate-atom-scaling: 14 3 1
Adsorbate-atom-scaling: 15 0 1
Adsorbate-atom-scaling: 15 1 1
Adsorbate-atom-scaling: 15 2 1
Adsorbate-atom-scaling: 15 3 1
Adsorbate-atom-scaling: 16 0 1
Adsorbate-atom-scaling: 16 1 1
Adsorbate-atom-scaling: 16 2 1
Adsorbate-atom-scaling: 16 3 1
Adsorbate-atom-scaling: 17 0 1
Adsorbate-atom-scaling: 17 1 1
Adsorbate-atom-scaling: 17 2 1
Adsorbate-atom-scaling: 17 3 1
Adsorbate-atom-scaling: 18 0 1
Adsorbate-atom-scaling: 18 1 1
Adsorbate-atom-scaling: 18 2 1
Adsorbate-atom-scaling: 18 3 1
Adsorbate-atom-scaling: 19 0 1
Adsorbate-atom-scaling: 19 1 1
Adsorbate-atom-scaling: 19 2 1
Adsorbate-atom-scaling: 19 3 1
Adsorbate-atom-scaling: 20 0 1
Adsorbate-atom-scaling: 20 1 1
Adsorbate-atom-scaling: 20 2 1
Adsorbate-atom-scaling: 20 3 1
Adsorbate-atom-scaling: 21 0 1
Adsorbate-atom-scaling: 21 1 1
Adsorbate-atom-scaling: 21 2 1
Adsorbate-atom-scaling: 21 3 1
Adsorbate-atom-scaling: 22 0 1
Adsorbate-atom-scaling: 22 1 1
Adsorbate-atom-scaling: 22 2 1
Adsorbate-atom-scaling: 22 3 1
Adsorbate-atom-scaling: 23 0 1
Adsorbate-atom-scaling: 23 1 1
Adsorbate-atom-scaling: 23 2 1
Adsorbate-atom-scaling: 23 3 1
Adsorbate-atom-scaling: 24 0 1
Adsorbate-atom-scaling: 24 1 1
Adsorbate-atom-scaling: 24 2 1
Adsorbate-atom-scaling: 24 3 1
Adsorbate-atom-scaling: 25 0 1
Adsorbate-atom-scaling: 25 1 1
Adsorbate-atom-scaling: 25 2 1
Adsorbate-atom-scaling: 25 3 1
Adsorbate-atom-scaling: 26 0 1
Adsorbate-atom-scaling: 26 1 1
Adsorbate-atom-scaling: 26 2 1
Adsorbate-atom-scaling: 26 3 1
Adsorbate-atom-scaling: 27 0 1
Adsorbate-atom-scaling: 27 1 1
Adsorbate-atom-scaling: 27 2 1
Adsorbate-atom-scaling: 27 3 1
Adsorbate-atom-scaling: 28 0 1
Adsorbate-atom-scaling: 28 1 1
Adsorbate-atom-scaling: 28 2 1
Adsorbate-atom-scaling: 28 3 1
Adsorbate-atom-scaling: 29 0 1
Adsorbate-atom-scaling: 29 1 1
Adsorbate-atom-scaling: 29 2 1
Adsorbate-atom-scaling: 29 3 1
Adsorbate-atom-scaling: 30 0 1
Adsorbate-atom-scaling: 30 1 1
Adsorbate-atom-scaling: 30 2 1
Adsorbate-atom-scaling: 30 3 1
Adsorbate-atom-scaling: 31 0 1
Adsorbate-atom-scaling: 31 1 1
Adsorbate-atom-scaling: 31 2 1
Adsorbate-atom-scaling: 31 3 1
Adsorbate-atom-scaling: 32 0 1
Adsorbate-atom-scaling: 32 1 1
Adsorbate-atom-scaling: 32 2 1
Adsorbate-atom-scaling: 32 3 1
Adsorbate-atom-scaling: 33 0 1
Adsorbate-atom-scaling: 33 1 1
Adsorbate-atom-scaling: 33 2 1
Adsorbate-atom-scaling: 33 3 1
Adsorbate-atom-scaling: 34 0 1
Adsorbate-atom-scaling: 34 1 1
Adsorbate-atom-scaling: 34 2 1
Adsorbate-atom-scaling: 34 3 1
Adsorbate-atom-scaling: 35 0 1
Adsorbate-atom-scaling: 35 1 1
Adsorbate-atom-scaling: 35 2 1
Adsorbate-atom-scaling: 35 3 1
Adsorbate-atom-scaling: 36 0 1
Adsorbate-atom-scaling: 36 1 1
Adsorbate-atom-scaling: 36 2 1
Adsorbate-atom-scaling: 36 3 1
Adsorbate-atom-scaling: 37 0 1
Adsorbate-atom-scaling: 37 1 1
Adsorbate-atom-scaling: 37 2 1
Adsorbate-atom-scaling: 37 3 1
Adsorbate-atom-scaling: 38 0 1
Adsorbate-atom-scaling: 38 1 1
Adsorbate-atom-scaling: 38 2 1
Adsorbate-atom-scaling: 38 3 1
Adsorbate-atom-scaling: 39 0 1
Adsorbate-atom-scaling: 39 1 1
Adsorbate-atom-scaling: 39 2 1
Adsorbate-atom-scaling: 39 3 1
Adsorbate-atom-scaling: 40 0 1
Adsorbate-atom-scaling: 40 1 1
Adsorbate-atom-scaling: 40 2 1
Adsorbate-atom-scaling: 40 3 1
Adsorbate-atom-scaling: 41 0 1
Adsorbate-atom-scaling: 41 1 1
Adsorbate-atom-scaling: 41 2 1
Adsorbate-atom-scaling: 41 3 1
Adsorbate-atom-scaling: 42 0 1
Adsorbate-atom-scaling: 42 1 1
Adsorbate-atom-scaling: 42 2 1
Adsorbate-atom-scaling: 42 3 1
Adsorbate-atom-scaling: 43 0 1
Adsorbate-atom-scaling: 43 1 1
Adsorbate-atom-scaling: 43 2 1
Adsorbate-atom-scaling: 43 3 1
Adsorbate-atom-scaling: 44 0 1
Adsorbate-atom-scaling: 44 1 1
Adsorbate-atom-scaling: 44 2 1
Adsorbate-atom-scaling: 44 3 1
Adsorbate-atom-scaling: 45 0 1
Adsorbate-atom-scaling: 45 1 1
Adsorbate-atom-scaling: 45 2 1
Adsorbate-atom-scaling: 45 3 1
Adsorbate-atom-scaling: 46 0 1
Adsorbate-atom-scaling: 46 1 1
Adsorbate-atom-scaling: 46 2 1
Adsorbate-atom-scaling: 46 3 1
Adsorbate-atom-scaling: 47 0 1
Adsorbate-atom-scaling: 47 1 1
Adsorbate-atom-scaling: 47 2 1
Adsorbate-atom-scaling: 47 3 1
Adsorbate-atom-scaling: 48 0 1
Adsorbate-atom-scaling: 48 1 1
Adsorbate-atom-scaling: 48 2 1
Adsorbate-atom-scaling: 48 3 1
Adsorbate-atom-scaling: 49 0 1
Adsorbate-atom-scaling: 49 1 1
Adsorbate-atom-scaling: 49 2 1
Adsorbate-atom-scaling: 49 3 1
Adsorbate-atom-scaling: 50 0 1
Adsorbate-atom-scaling: 50 1 1
Adsorbate-atom-scaling: 50 2 1
Adsorbate-atom-scaling: 50 3 1
Adsorbate-atom-scaling: 51 0 1
Adsorbate-atom-scaling: 51 1 1
Adsorbate-atom-scaling: 51 2 1
Adsorbate-atom-scaling: 51 3 1
Adsorbate-atom-scaling: 52 0 1
Adsorbate-atom-scaling: 52 1 1
Adsorbate-atom-scaling: 52 2 1
Adsorbate-atom-scaling: 52 3 1
Adsorbate-atom-scaling: 53 0 1
Adsorbate-atom-scaling: 53 1 1
Adsorbate-atom-scaling: 53 2 1
Adsorbate-atom-scaling: 53 3 1
Adsorbate-atom-scaling: 54 0 1
Adsorbate-atom-scaling: 54 1 1
Adsorbate-atom-scaling: 54 2 1
Adsorbate-atom-scaling: 54 3 1
Adsorbate-atom-scaling: 55 0 1
Adsorbate-atom-scaling: 55 1 1
Adsorbate-atom-scaling: 55 2 1
Adsorbate-atom-scaling: 55 3 1
Adsorbate-atom-scaling: 56 0 1
Adsorbate-atom-scaling: 56 1 1
Adsorbate-atom-scaling: 56 2 1
Adsorbate-atom-scaling: 56 3 1
Adsorbate-atom-scaling: 57 0 1
Adsorbate-atom-scaling: 57 1 1
Adsorbate-atom-scaling: 57 2 1
Adsorbate-atom-scaling: 57 3 1
Adsorbate-atom-scaling: 58 0 1
Adsorbate-atom-scaling: 58 1 1
Adsorbate-atom-scaling: 58 2 1
Adsorbate-atom-scaling: 58 3 1
Adsorbate-atom-scaling: 59 0 1
Adsorbate-atom-scaling: 59 1 1
Adsorbate-atom-scaling: 59 2 1
Adsorbate-atom-scaling: 59 3 1
Adsorbate-atom-scaling: 60 0 1
Adsorbate-atom-scaling: 60 1 1
Adsorbate-atom-scaling: 60 2 1
Adsorbate-atom-scaling: 60 3 1
Adsorbate-atom-scaling: 61 0 1
Adsorbate-atom-scaling: 61 1 1
Adsorbate-atom-scaling: 61 2 1
Adsorbate-atom-scaling: 61 3 1
Adsorbate-atom-scaling: 62 0 1
Adsorbate-atom-scaling: 62 1 1
Adsorbate-atom-scaling: 62 2 1
Adsorbate-atom-scaling: 62 3 1
Adsorbate-atom-scaling: 63 0 1
Adsorbate-atom-scaling: 63 1 1
Adsorbate-atom-scaling: 63 2 1
Adsorbate-atom-scaling: 63 3 1
Adsorbate-atom-scaling: 64 0 1
Adsorbate-atom-scaling: 64 1 1
Adsorbate-atom-scaling: 64 2 1
Adsorbate-atom-scaling: 64 3 1
Adsorbate-atom-scaling: 65 0 1
Adsorbate-atom-scaling: 65 1 1
Adsorbate-atom-scaling: 65 2 1
Adsorbate-atom-scaling: 65 3 1
Adsorbate-atom-scaling: 66 0 1
Adsorbate-atom-scaling: 66 1 1
Adsorbate-atom-scaling: 66 2 1
Adsorbate-atom-scaling: 66 3 1
Adsorbate-atom-scaling: 67 0 1
Adsorbate-atom-scaling: 67 1 1
Adsorbate-atom-scaling: 67 2 1
Adsorbate-atom-scaling: 67 3 1
Adsorbate-atom-scaling: 68 0 1
Adsorbate-atom-scaling: 68 1 1
Adsorbate-atom-scaling: 68 2 1
Adsorbate-atom-scaling: 68 3 1
Adsorbate-atom-scaling: 69 0 1
Adsorbate-atom-scaling: 69 1 1
Adsorbate-atom-scaling: 69 2 1
Adsorbate-atom-scaling: 69 3 1
Adsorbate-atom-scaling: 70 0 1
Adsorbate-atom-scaling: 70 1 1
Adsorbate-atom-scaling: 70 2 1
Adsorbate-atom-scaling: 70 3 1
Adsorbate-atom-scaling: 71 0 1
Adsorbate-atom-scaling: 71 1 1
Adsorbate-atom-scaling: 71 2 1
Adsorbate-atom-scaling: 71 3 1
Adsorbate-atom-scaling: 72 0 1
Adsorbate-atom-scaling: 72 1 1
Adsorbate-atom-scaling: 72 2 1
Adsorbate-atom-scaling: 72 3 1
Adsorbate-atom-scaling: 73 0 1
Adsorbate-atom-scaling: 73 1 1
Adsorbate-atom-scaling: 73 2 1
Adsorbate-atom-scaling: 73 3 1
Adsorbate-atom-scaling: 74 0 1
Adsorbate-atom-scaling: 74 1 1
Adsorbate-atom-scaling: 74 2 1
Adsorbate-atom-scaling: 74 3 1
Adsorbate-atom-scaling: 75 0 1
Adsorbate-atom-scaling: 75 1 1
Adsorbate-atom-scaling: 75 2 1
Adsorbate-atom-scaling: 75 3 1
Adsorbate-atom-scaling: 76 0 1
Adsorbate-atom-scaling: 76 1 1
Adsorbate-atom-scaling: 76 2 1
Adsorbate-atom-scaling: 76 3 1
Adsorbate-atom-scaling: 77 0 1
Adsorbate-atom-scaling: 77 1 1
Adsorbate-atom-scaling: 77 2 1
Adsorbate-atom-scaling: 77 3 1
Adsorbate-atom-scaling: 78 0 1
Adsorbate-atom-scaling: 78 1 1
Adsorbate-atom-scaling: 78 2 1
Adsorbate-atom-scaling: 78 3 1
Adsorbate-atom-scaling: 79 0 1
Adsorbate-atom-scaling: 79 1 1
Adsorbate-atom-scaling: 79 2 1
Adsorbate-atom-scaling: 79 3 1
Adsorbate-atom-scaling: 80 0 1
Adsorbate-atom-scaling: 80 1 1
Adsorbate-atom-scaling: 80 2 1
Adsorbate-atom-scaling: 80 3 1
Adsorbate-atom-scaling: 81 0 1
Adsorbate-atom-scaling: 81 1 1
Adsorbate-atom-scaling: 81 2 1
Adsorbate-atom-scaling: 81 3 1
Adsorbate-atom-scaling: 82 0 1
Adsorbate-atom-scaling: 82 1 1
Adsorbate-atom-scaling: 82 2 1
Adsorbate-atom-scaling: 82 3 1
Adsorbate-atom-scaling: 83 0 1
Adsorbate-atom-scaling: 83 1 1
Adsorbate-atom-scaling: 83 2 1
Adsorbate-atom-scaling: 83 3 1
Adsorbate-atom-scaling: 84 0 1
Adsorbate-atom-scaling: 84 1 1
Adsorbate-atom-scaling: 84 2 1
Adsorbate-atom-scaling: 84 3 1
Adsorbate-atom-scaling: 85 0 1
Adsorbate-atom-scaling: 85 1 1
Adsorbate-atom-scaling: 85 2 1
Adsorbate-atom-scaling: 85 3 1
Adsorbate-atom-scaling: 86 0 1
Adsorbate-atom-scaling: 86 1 1
Adsorbate-atom-scaling: 86 2 1
Adsorbate-atom-scaling: 86 3 1
Adsorbate-atom-scaling: 87 0 1
Adsorbate-atom-scaling: 87 1 1
Adsorbate-atom-scaling: 87 2 1
Adsorbate-atom-scaling: 87 3 1
Adsorbate-atom-fixed: 0 0 0 0 0
Adsorbate-atom-fixed: 0 1 0 0 0
Adsorbate-atom-fixed: 0 2 0 0 0
Adsorbate-atom-fixed: 0 3 0 0 0
Adsorbate-atom-fixed: 1 0 0 0 0
Adsorbate-atom-fixed: 1 1 0 0 0
Adsorbate-atom-fixed: 1 2 0 0 0
Adsorbate-atom-fixed: 1 3 0 0 0
Adsorbate-atom-fixed: 2 0 0 0 0
Adsorbate-atom-fixed: 2 1 0 0 0
Adsorbate-atom-fixed: 2 2 0 0 0
Adsorbate-atom-fixed: 2 3 0 0 0
Adsorbate-atom-fixed: 3 0 0 0 0
Adsorbate-atom-fixed: 3 1 0 0 0
Adsorbate-atom-fixed: 3 2 0 0 0
Adsorbate-atom-fixed: 3 3 0 0 0
Adsorbate-atom-fixed: 4 0 0 0 0
Adsorbate-atom-fixed: 4 1 0 0 0
Adsorbate-atom-fixed: 4 2 0 0 0
Adsorbate-atom-fixed: 4 3 0 0 0
Adsorbate-atom-fixed: 5 0 0 0 0
Adsorbate-atom-fixed: 5 1 0 0 0
Adsorbate-atom-fixed: 5 2 0 0 0
Adsorbate-atom-fixed: 5 3 0 0 0
Adsorbate-atom-fixed: 6 0 0 0 0
Adsorbate-atom-fixed: 6 1 0 0 0
Adsorbate-atom-fixed: 6 2 0 0 0
Adsorbate-atom-fixed: 6 3 0 0 0
Adsorbate-atom-fixed: 7 0 0 0 0
Adsorbate-atom-fixed: 7 1 0 0 0
Adsorbate-atom-fixed: 7 2 0 0 0
Adsorbate-atom-fixed: 7 3 0 0 0
Adsorbate-atom-fixed: 8 0 0 0 0
Adsorbate-atom-fixed: 8 1 0 0 0
Adsorbate-atom-fixed: 8 2 0 0 0
Adsorbate-atom-fixed: 8 3 0 0 0
Adsorbate-atom-fixed: 9 0 0 0 0
Adsorbate-atom-fixed: 9 1 0 0 0
Adsorbate-atom-fixed: 9 2 0 0 0
Adsorbate-atom-fixed: 9 3 0 0 0
Adsorbate-atom-fixed: 10 0 0 0 0
Adsorbate-atom-fixed: 10 1 0 0 0
Adsorbate-atom-fixed: 10 2 0 0 0
Adsorbate-atom-fixed: 10 3 0 0 0
Adsorbate-atom-fixed: 11 0 0 0 0
Adsorbate-atom-fixed: 11 1 0 0 0
Adsorbate-atom-fixed: 11 2 0 0 0
Adsorbate-atom-fixed: 11 3 0 0 0
Adsorbate-atom-fixed: 12 0 0 0 0
Adsorbate-atom-fixed: 12 1 0 0 0
Adsorbate-atom-fixed: 12 2 0 0 0
Adsorbate-atom-fixed: 12 3 0 0 0
Adsorbate-atom-fixed: 13 0 0 0 0
Adsorbate-atom-fixed: 13 1 0 0 0
Adsorbate-atom-fixed: 13 2 0 0 0
Adsorbate-atom-fixed: 13 3 0 0 0
Adsorbate-atom-fixed: 14 0 0 0 0
Adsorbate-atom-fixed: 14 1 0 0 0
Adsorbate-atom-fixed: 14 2 0 0 0
Adsorbate-atom-fixed: 14 3 0 0 0
Adsorbate-atom-fixed: 15 0 0 0 0
Adsorbate-atom-fixed: 15 1 0 0 0
Adsorbate-atom-fixed: 15 2 0 0 0
Adsorbate-atom-fixed: 15 3 0 0 0
Adsorbate-atom-fixed: 16 0 0 0 0
Adsorbate-atom-fixed: 16 1 0 0 0
Adsorbate-atom-fixed: 16 2 0 0 0
Adsorbate-atom-fixed: 16 3 0 0 0
Adsorbate-atom-fixed: 17 0 0 0 0
Adsorbate-atom-fixed: 17 1 0 0 0
Adsorbate-atom-fixed: 17 2 0 0 0
Adsorbate-atom-fixed: 17 3 0 0 0
Adsorbate-atom-fixed: 18 0 0 0 0
Adsorbate-atom-fixed: 18 1 0 0 0
Adsorbate-atom-fixed: 18 2 0 0 0
Adsorbate-atom-fixed: 18 3 0 0 0
Adsorbate-atom-fixed: 19 0 0 0 0
Adsorbate-atom-fixed: 19 1 0 0 0
Adsorbate-atom-fixed: 19 2 0 0 0
Adsorbate-atom-fixed: 19 3 0 0 0
Adsorbate-atom-fixed: 20 0 0 0 0
Adsorbate-atom-fixed: 20 1 0 0 0
Adsorbate-atom-fixed: 20 2 0 0 0
Adsorbate-atom-fixed: 20 3 0 0 0
Adsorbate-atom-fixed: 21 0 0 0 0
Adsorbate-atom-fixed: 21 1 0 0 0
Adsorbate-atom-fixed: 21 2 0 0 0
Adsorbate-atom-fixed: 21 3 0 0 0
Adsorbate-atom-fixed: 22 0 0 0 0
Adsorbate-atom-fixed: 22 1 0 0 0
Adsorbate-atom-fixed: 22 2 0 0 0
Adsorbate-atom-fixed: 22 3 0 0 0
Adsorbate-atom-fixed: 23 0 0 0 0
Adsorbate-atom-fixed: 23 1 0 0 0
Adsorbate-atom-fixed: 23 2 0 0 0
Adsorbate-atom-fixed: 23 3 0 0 0
Adsorbate-atom-fixed: 24 0 0 0 0
Adsorbate-atom-fixed: 24 1 0 0 0
Adsorbate-atom-fixed: 24 2 0 0 0
Adsorbate-atom-fixed: 24 3 0 0 0
Adsorbate-atom-fixed: 25 0 0 0 0
Adsorbate-atom-fixed: 25 1 0 0 0
Adsorbate-atom-fixed: 25 2 0 0 0
Adsorbate-atom-fixed: 25 3 0 0 0
Adsorbate-atom-fixed: 26 0 0 0 0
Adsorbate-atom-fixed: 26 1 0 0 0
Adsorbate-atom-fixed: 26 2 0 0 0
Adsorbate-atom-fixed: 26 3 0 0 0
Adsorbate-atom-fixed: 27 0 0 0 0
Adsorbate-atom-fixed: 27 1 0 0 0
Adsorbate-atom-fixed: 27 2 0 0 0
Adsorbate-atom-fixed: 27 3 0 0 0
Adsorbate-atom-fixed: 28 0 0 0 0
Adsorbate-atom-fixed: 28 1 0 0 0
Adsorbate-atom-fixed: 28 2 0 0 0
Adsorbate-atom-fixed: 28 3 0 0 0
Adsorbate-atom-fixed: 29 0 0 0 0
Adsorbate-atom-fixed: 29 1 0 0 0
Adsorbate-atom-fixed: 29 2 0 0 0
Adsorbate-atom-fixed: 29 3 0 0 0
Adsorbate-atom-fixed: 30 0 0 0 0
Adsorbate-atom-fixed: 30 1 0 0 0
Adsorbate-atom-fixed: 30 2 0 0 0
Adsorbate-atom-fixed: 30 3 0 0 0
Adsorbate-atom-fixed: 31 0 0 0 0
Adsorbate-atom-fixed: 31 1 0 0 0
Adsorbate-atom-fixed: 31 2 0 0 0
Adsorbate-atom-fixed: 31 3 0 0 0
Adsorbate-atom-fixed: 32 0 0 0 0
Adsorbate-atom-fixed: 32 1 0 0 0
Adsorbate-atom-fixed: 32 2 0 0 0
Adsorbate-atom-fixed: 32 3 0 0 0
Adsorbate-atom-fixed: 33 0 0 0 0
Adsorbate-atom-fixed: 33 1 0 0 0
Adsorbate-atom-fixed: 33 2 0 0 0
Adsorbate-atom-fixed: 33 3 0 0 0
Adsorbate-atom-fixed: 34 0 0 0 0
Adsorbate-atom-fixed: 34 1 0 0 0
Adsorbate-atom-fixed: 34 2 0 0 0
Adsorbate-atom-fixed: 34 3 0 0 0
Adsorbate-atom-fixed: 35 0 0 0 0
Adsorbate-atom-fixed: 35 1 0 0 0
Adsorbate-atom-fixed: 35 2 0 0 0
Adsorbate-atom-fixed: 35 3 0 0 0
Adsorbate-atom-fixed: 36 0 0 0 0
Adsorbate-atom-fixed: 36 1 0 0 0
Adsorbate-atom-fixed: 36 2 0 0 0
Adsorbate-atom-fixed: 36 3 0 0 0
Adsorbate-atom-fixed: 37 0 0 0 0
Adsorbate-atom-fixed: 37 1 0 0 0
Adsorbate-atom-fixed: 37 2 0 0 0
Adsorbate-atom-fixed: 37 3 0 0 0
Adsorbate-atom-fixed: 38 0 0 0 0
Adsorbate-atom-fixed: 38 1 0 0 0
Adsorbate-atom-fixed: 38 2 0 0 0
Adsorbate-atom-fixed: 38 3 0 0 0
Adsorbate-atom-fixed: 39 0 0 0 0
Adsorbate-atom-fixed: 39 1 0 0 0
Adsorbate-atom-fixed: 39 2 0 0 0
Adsorbate-atom-fixed: 39 3 0 0 0
Adsorbate-atom-fixed: 40 0 0 0 0
Adsorbate-atom-fixed: 40 1 0 0 0
Adsorbate-atom-fixed: 40 2 0 0 0
Adsorbate-atom-fixed: 40 3 0 0 0
Adsorbate-atom-fixed: 41 0 0 0 0
Adsorbate-atom-fixed: 41 1 0 0 0
Adsorbate-atom-fixed: 41 2 0 0 0
Adsorbate-atom-fixed: 41 3 0 0 0
Adsorbate-atom-fixed: 42 0 0 0 0
Adsorbate-atom-fixed: 42 1 0 0 0
Adsorbate-atom-fixed: 42 2 0 0 0
Adsorbate-atom-fixed: 42 3 0 0 0
Adsorbate-atom-fixed: 43 0 0 0 0
Adsorbate-atom-fixed: 43 1 0 0 0
Adsorbate-atom-fixed: 43 2 0 0 0
Adsorbate-atom-fixed: 43 3 0 0 0
Adsorbate-atom-fixed: 44 0 0 0 0
Adsorbate-atom-fixed: 44 1 0 0 0
Adsorbate-atom-fixed: 44 2 0 0 0
Adsorbate-atom-fixed: 44 3 0 0 0
Adsorbate-atom-fixed: 45 0 0 0 0
Adsorbate-atom-fixed: 45 1 0 0 0
Adsorbate-atom-fixed: 45 2 0 0 0
Adsorbate-atom-fixed: 45 3 0 0 0
Adsorbate-atom-fixed: 46 0 0 0 0
Adsorbate-atom-fixed: 46 1 0 0 0
Adsorbate-atom-fixed: 46 2 0 0 0
Adsorbate-atom-fixed: 46 3 0 0 0
Adsorbate-atom-fixed: 47 0 0 0 0
Adsorbate-atom-fixed: 47 1 0 0 0
Adsorbate-atom-fixed: 47 2 0 0 0
Adsorbate-atom-fixed: 47 3 0 0 0
Adsorbate-atom-fixed: 48 0 0 0 0
Adsorbate-atom-fixed: 48 1 0 0 0
Adsorbate-atom-fixed: 48 2 0 0 0
Adsorbate-atom-fixed: 48 3 0 0 0
Adsorbate-atom-fixed: 49 0 0 0 0
Adsorbate-atom-fixed: 49 1 0 0 0
Adsorbate-atom-fixed: 49 2 0 0 0
Adsorbate-atom-fixed: 49 3 0 0 0
Adsorbate-atom-fixed: 50 0 0 0 0
Adsorbate-atom-fixed: 50 1 0 0 0
Adsorbate-atom-fixed: 50 2 0 0 0
Adsorbate-atom-fixed: 50 3 0 0 0
Adsorbate-atom-fixed: 51 0 0 0 0
Adsorbate-atom-fixed: 51 1 0 0 0
Adsorbate-atom-fixed: 51 2 0 0 0
Adsorbate-atom-fixed: 51 3 0 0 0
Adsorbate-atom-fixed: 52 0 0 0 0
Adsorbate-atom-fixed: 52 1 0 0 0
Adsorbate-atom-fixed: 52 2 0 0 0
Adsorbate-atom-fixed: 52 3 0 0 0
Adsorbate-atom-fixed: 53 0 0 0 0
Adsorbate-atom-fixed: 53 1 0 0 0
Adsorbate-atom-fixed: 53 2 0 0 0
Adsorbate-atom-fixed: 53 3 0 0 0
Adsorbate-atom-fixed: 54 0 0 0 0
Adsorbate-atom-fixed: 54 1 0 0 0
Adsorbate-atom-fixed: 54 2 0 0 0
Adsorbate-atom-fixed: 54 3 0 0 0
Adsorbate-atom-fixed: 55 0 0 0 0
Adsorbate-atom-fixed: 55 1 0 0 0
Adsorbate-atom-fixed: 55 2 0 0 0
Adsorbate-atom-fixed: 55 3 0 0 0
Adsorbate-atom-fixed: 56 0 0 0 0
Adsorbate-atom-fixed: 56 1 0 0 0
Adsorbate-atom-fixed: 56 2 0 0 0
Adsorbate-atom-fixed: 56 3 0 0 0
Adsorbate-atom-fixed: 57 0 0 0 0
Adsorbate-atom-fixed: 57 1 0 0 0
Adsorbate-atom-fixed: 57 2 0 0 0
Adsorbate-atom-fixed: 57 3 0 0 0
Adsorbate-atom-fixed: 58 0 0 0 0
Adsorbate-atom-fixed: 58 1 0 0 0
Adsorbate-atom-fixed: 58 2 0 0 0
Adsorbate-atom-fixed: 58 3 0 0 0
Adsorbate-atom-fixed: 59 0 0 0 0
Adsorbate-atom-fixed: 59 1 0 0 0
Adsorbate-atom-fixed: 59 2 0 0 0
Adsorbate-atom-fixed: 59 3 0 0 0
Adsorbate-atom-fixed: 60 0 0 0 0
Adsorbate-atom-fixed: 60 1 0 0 0
Adsorbate-atom-fixed: 60 2 0 0 0
Adsorbate-atom-fixed: 60 3 0 0 0
Adsorbate-atom-fixed: 61 0 0 0 0
Adsorbate-atom-fixed: 61 1 0 0 0
Adsorbate-atom-fixed: 61 2 0 0 0
Adsorbate-atom-fixed: 61 3 0 0 0
Adsorbate-atom-fixed: 62 0 0 0 0
Adsorbate-atom-fixed: 62 1 0 0 0
Adsorbate-atom-fixed: 62 2 0 0 0
Adsorbate-atom-fixed: 62 3 0 0 0
Adsorbate-atom-fixed: 63 0 0 0 0
Adsorbate-atom-fixed: 63 1 0 0 0
Adsorbate-atom-fixed: 63 2 0 0 0
Adsorbate-atom-fixed: 63 3 0 0 0
Adsorbate-atom-fixed: 64 0 0 0 0
Adsorbate-atom-fixed: 64 1 0 0 0
Adsorbate-atom-fixed: 64 2 0 0 0
Adsorbate-atom-fixed: 64 3 0 0 0
Adsorbate-atom-fixed: 65 0 0 0 0
Adsorbate-atom-fixed: 65 1 0 0 0
Adsorbate-atom-fixed: 65 2 0 0 0
Adsorbate-atom-fixed: 65 3 0 0 0
Adsorbate-atom-fixed: 66 0 0 0 0
Adsorbate-atom-fixed: 66 1 0 0 0
Adsorbate-atom-fixed: 66 2 0 0 0
Adsorbate-atom-fixed: 66 3 0 0 0
Adsorbate-atom-fixed: 67 0 0 0 0
Adsorbate-atom-fixed: 67 1 0 0 0
Adsorbate-atom-fixed: 67 2 0 0 0
Adsorbate-atom-fixed: 67 3 0 0 0
Adsorbate-atom-fixed: 68 0 0 0 0
Adsorbate-atom-fixed: 68 1 0 0 0
Adsorbate-atom-fixed: 68 2 0 0 0
Adsorbate-atom-fixed: 68 3 0 0 0
Adsorbate-atom-fixed: 69 0 0 0 0
Adsorbate-atom-fixed: 69 1 0 0 0
Adsorbate-atom-fixed: 69 2 0 0 0
Adsorbate-atom-fixed: 69 3 0 0 0
Adsorbate-atom-fixed: 70 0 0 0 0
Adsorbate-atom-fixed: 70 1 0 0 0
Adsorbate-atom-fixed: 70 2 0 0 0
Adsorbate-atom-fixed: 70 3 0 0 0
Adsorbate-atom-fixed: 71 0 0 0 0
Adsorbate-atom-fixed: 71 1 0 0 0
Adsorbate-atom-fixed: 71 2 0 0 0
Adsorbate-atom-fixed: 71 3 0 0 0
Adsorbate-atom-fixed: 72 0 0 0 0
Adsorbate-atom-fixed: 72 1 0 0 0
Adsorbate-atom-fixed: 72 2 0 0 0
Adsorbate-atom-fixed: 72 3 0 0 0
Adsorbate-atom-fixed: 73 0 0 0 0
Adsorbate-atom-fixed: 73 1 0 0 0
Adsorbate-atom-fixed: 73 2 0 0 0
Adsorbate-atom-fixed: 73 3 0 0 0
Adsorbate-atom-fixed: 74 0 0 0 0
Adsorbate-atom-fixed: 74 1 0 0 0
Adsorbate-atom-fixed: 74 2 0 0 0
Adsorbate-atom-fixed: 74 3 0 0 0
Adsorbate-atom-fixed: 75 0 0 0 0
Adsorbate-atom-fixed: 75 1 0 0 0
Adsorbate-atom-fixed: 75 2 0 0 0
Adsorbate-atom-fixed: 75 3 0 0 0
Adsorbate-atom-fixed: 76 0 0 0 0
Adsorbate-atom-fixed: 76 1 0 0 0
Adsorbate-atom-fixed: 76 2 0 0 0
Adsorbate-atom-fixed: 76 3 0 0 0
Adsorbate-atom-fixed: 77 0 0 0 0
Adsorbate-atom-fixed: 77 1 0 0 0
Adsorbate-atom-fixed: 77 2 0 0 0
Adsorbate-atom-fixed: 77 3 0 0 0
Adsorbate-atom-fixed: 78 0 0 0 0
Adsorbate-atom-fixed: 78 1 0 0 0
Adsorbate-atom-fixed: 78 2 0 0 0
Adsorbate-atom-fixed: 78 3 0 0 0
Adsorbate-atom-fixed: 79 0 0 0 0
Adsorbate-atom-fixed: 79 1 0 0 0
Adsorbate-atom-fixed: 79 2 0 0 0
Adsorbate-atom-fixed: 79 3 0 0 0
Adsorbate-atom-fixed: 80 0 0 0 0
Adsorbate-atom-fixed: 80 1 0 0 0
Adsorbate-atom-fixed: 80 2 0 0 0
Adsorbate-atom-fixed: 80 3 0 0 0
Adsorbate-atom-fixed: 81 0 0 0 0
Adsorbate-atom-fixed: 81 1 0 0 0
Adsorbate-atom-fixed: 81 2 0 0 0
Adsorbate-atom-fixed: 81 3 0 0 0
Adsorbate-atom-fixed: 82 0 0 0 0
Adsorbate-atom-fixed: 82 1 0 0 0
Adsorbate-atom-fixed: 82 2 0 0 0
Adsorbate-atom-fixed: 82 3 0 0 0
Adsorbate-atom-fixed: 83 0 0 0 0
Adsorbate-atom-fixed: 83 1 0 0 0
Adsorbate-atom-fixed: 83 2 0 0 0
Adsorbate-atom-fixed: 83 3 0 0 0
Adsorbate-atom-fixed: 84 0 0 0 0
Adsorbate-atom-fixed: 84 1 0 0 0
Adsorbate-atom-fixed: 84 2 0 0 0
Adsorbate-atom-fixed: 84 3 0 0 0
Adsorbate-atom-fixed: 85 0 0 0 0
Adsorbate-atom-fixed: 85 1 0 0 0
Adsorbate-atom-fixed: 85 2 0 0 0
Adsorbate-atom-fixed: 85 3 0 0 0
Adsorbate-atom-fixed: 86 0 0 0 0
Adsorbate-atom-fixed: 86 1 0 0 0
Adsorbate-atom-fixed: 86 2 0 0 0
Adsorbate-atom-fixed: 86 3 0 0 0
Adsorbate-atom-fixed: 87 0 0 0 0
Adsorbate-atom-fixed: 87 1 0 0 0
Adsorbate-atom-fixed: 87 2 0 0 0
Adsorbate-atom-fixed: 87 3 0 0 0
